(1, 0.0,0.0,0.0,0.0,0.0,0.0,0.0,0.0,0.0,0.0)
(7, 0.0,0.0,0.0,0.0,0.0,0.0,0.0,0.0,0.0,0.0)
(9, -2.2953172E-4,2.3826078E-4,-4.176767E-4,-1.15950614E-4,-4.6572942E-4,-1.2758112E-4,-2.2087844E-4,2.3769644E-4,-3.7803277E-4,-3.002191E-4)
(15, -5.093127E-4,-2.295113E-4,3.5469353E-4,-7.06221E-4,-2.7380296E-4,5.441127E-6,5.0830195E-4,-1.4154207E-4,-9.5100586E-5,-2.5596406E-5)
(21, -2.6773775E-4,-4.3197934E-4,4.224485E-4,-0.0010151165,-3.7937134E-4,-7.6857826E-4,-3.1058662E-4,-6.669649E-4,2.7346454E-4,-3.4563142E-4)
(25, 5.0432625E-4,1.9450625E-4,-6.728121E-5,4.0137293E-4,4.0053233E-4,5.818676E-4,6.836708E-5,-4.7730122E-5,-2.0814099E-4,4.2739855E-5)
(29, 0.037111998,0.067232296,-0.01161556,0.08375301,0.067716576,0.09028334,-0.020857058,0.02424356,-0.0023555476,0.059851255)
(31, -0.04105854,-0.0013193939,-0.08903829,-0.32939243,-0.41819727,-0.45546222,-0.038985338,-0.14120011,0.018126652,-0.30669156)
(38, -0.04995396,0.14558183,-0.11079397,0.0042661615,-0.12582341,-0.010685959,0.029416185,-0.031518575,-0.050517928,0.005423501)
(40, -0.018342374,-0.0033385963,0.11386184,-0.02010074,0.029025724,-0.0038929319,-0.06234297,9.957451E-4,0.15114719,0.021015197)
(50, -8.6472003E-4,0.0025463642,0.0014919948,-0.0059233685,4.3710662E-4,-0.004778114,-0.0044294265,3.3918832E-4,0.0017230446,-0.0028588495)
(52, 1.583313E-4,7.4765435E-4,-6.812656E-4,8.1899634E-4,4.0572524E-4,0.0013398567,3.644166E-4,3.36834E-4,-3.07742E-4,3.0374745E-4)
(53, -0.0010739227,0.0019545986,-8.8473957E-4,-5.015607E-5,-0.0011852189,-4.150455E-4,-5.9923396E-4,-3.0632244E-4,-4.163521E-4,0.0013334363)
(54, 0.0011588044,-2.8155517E-4,0.002484526,-1.3149885E-4,0.0019923917,-0.0011409539,-1.1055186E-4,-1.774389E-4,0.0018781298,0.0013339566)
(57, -0.0058133374,0.004444265,-0.004630119,-0.0058586528,-0.015599019,-0.008526524,0.0017864065,-0.0011142285,-0.008345277,-0.0060234657)
(73, 0.0013297035,-9.931813E-7,1.6935504E-5,5.813785E-4,4.706254E-4,2.996149E-4,-3.5536345E-4,9.3934825E-5,-2.190025E-4,1.2170187E-4)
(75, -0.0012923025,0.0024236734,-0.0015550398,2.3181544E-4,-7.069016E-4,0.0020243428,7.7470884E-7,-0.0011029342,-0.0019776498,7.9167966E-4)
(78, -7.341276E-4,0.0014869195,-0.0028356272,-6.641297E-4,-0.0036506706,-2.52365E-4,-8.158718E-5,1.7899518E-4,-0.002468904,-7.8435155E-4)
(79, -1.1683856E-4,-4.3280184E-4,8.489126E-4,-2.1741535E-4,4.7707814E-4,8.411127E-5,3.6065554E-4,3.2829604E-4,4.991796E-4,2.7720176E-4)
(83, 0.0,0.0,0.0,0.0,0.0,0.0,0.0,0.0,0.0,0.0)
(85, 0.0,0.0,0.0,0.0,0.0,0.0,0.0,0.0,0.0,0.0)
(90, -6.323783E-5,6.8600544E-5,-1.8593195E-5,5.655901E-5,1.2315702E-5,6.651864E-5,-9.60463E-6,4.2423977E-5,-2.3613778E-5,3.4483404E-5)
(93, 2.6450027E-4,2.3037104E-5,-2.7519025E-4,-4.4188884E-4,-3.4330043E-4,-7.048503E-4,7.150961E-4,-7.6824374E-4,5.5582327E-4,1.4398828E-4)
(97, 4.831057E-4,-4.7195196E-4,0.0012038983,-1.6293151E-4,8.7679975E-4,6.405293E-4,6.8308983E-4,8.8466785E-4,5.474267E-4,6.979929E-4)
(98, -0.0025715828,0.0023201723,-0.001232235,-5.729294E-4,-0.00311214,-0.0030034827,-8.2282635E-4,1.3545861E-4,-6.3824246E-4,1.0967404E-4)
(101, 0.0,0.0,0.0,0.0,0.0,0.0,0.0,0.0,0.0,0.0)
(107, -3.9052483E-4,2.4756775E-4,-2.6220785E-4,-1.9476094E-4,-3.5499354E-4,-4.3407425E-5,-1.007751E-4,-1.0986813E-4,-2.0023348E-4,-2.3103943E-5)
(111, 0.0,0.0,0.0,0.0,0.0,0.0,0.0,0.0,0.0,0.0)
(113, -3.7360084E-4,7.4265496E-4,-5.5284804E-4,3.468241E-4,-2.1352478E-4,1.4511509E-4,-6.157284E-5,4.0214518E-4,-3.5929275E-4,-1.1467115E-4)
(116, -0.005797496,0.010740237,0.0026181184,-0.008332794,0.0031454682,0.0012006854,-0.008132301,-0.016998775,-0.0040373406,0.010639094)
(124, 0.0019993763,-0.0147259915,0.03709759,0.0016250188,0.031029493,6.6062225E-5,0.012769258,0.024430282,0.028906662,0.013051568)
(125, -4.5902102E-4,7.486729E-4,-3.8918338E-4,2.1140765E-4,-1.2089909E-4,0.0010568347,4.7123403E-4,8.648483E-5,-5.4157875E-4,5.0774106E-4)
(130, 0.0012559786,5.3695294E-5,-2.8681528E-4,3.990653E-4,2.59184E-4,3.7760043E-4,5.4611643E-5,-3.3870418E-4,-5.4631328E-5,3.557019E-4)
(132, -5.7403796E-4,-3.0739553E-4,3.420828E-4,-7.4783276E-4,-6.9971575E-4,-0.0010114241,1.0767561E-4,6.174207E-4,1.7948837E-4,-4.214815E-4)
(140, 0.0,0.0,0.0,0.0,0.0,0.0,0.0,0.0,0.0,0.0)
(148, 0.0,0.0,0.0,0.0,0.0,0.0,0.0,0.0,0.0,0.0)
(152, -4.227846E-4,1.9461778E-4,-9.543091E-5,-2.8540412E-4,-3.0890573E-4,-1.2049487E-4,-1.2164012E-4,-1.5345264E-4,-2.4251749E-4,-6.783032E-5)
(154, 0.0,0.0,0.0,0.0,0.0,0.0,0.0,0.0,0.0,0.0)
(155, 9.111488E-5,-1.1307332E-5,-1.1571987E-6,7.750282E-5,5.8885125E-5,-7.145238E-5,-2.274258E-6,2.6536572E-5,1.0314679E-4,1.0024961E-5)
(163, 0.0,0.0,0.0,0.0,0.0,0.0,0.0,0.0,0.0,0.0)
(173, -8.821776E-4,0.003179606,-0.0017746177,-7.692207E-6,-0.00508357,-0.002422432,0.0013361771,5.4735277E-4,-6.619318E-4,0.0025312027)
(177, 0.061753303,-0.10337738,0.40924284,-0.03948937,0.3048859,0.011839694,0.20859413,0.0067117233,0.04734519,0.087218784)
(188, 0.030966893,0.8671676,-0.81580245,0.15969582,-0.8271629,0.019681351,0.7794248,-0.38495666,-0.6694868,0.034123234)
(192, 0.0,0.0,0.0,0.0,0.0,0.0,0.0,0.0,0.0,0.0)
(193, 0.0,0.0,0.0,0.0,0.0,0.0,0.0,0.0,0.0,0.0)
(196, 0.0,0.0,0.0,0.0,0.0,0.0,0.0,0.0,0.0,0.0)
(198, -0.7924058,-0.56887,1.2416352,-2.0524046,-0.41439205,-0.73900515,0.622026,-0.47255984,1.0593605,-0.033649642)
(203, -1.2744101,7.880232,14.517522,1.7590777,0.8918166,-2.513786,3.683488,11.971234,9.156769,14.837945)
(205, -0.027013449,-0.0131789,0.02096208,-0.06272933,-0.029778726,-0.025132785,0.029684566,-0.013106898,0.016540764,-0.0085068615)
(212, -7.975455E-4,0.0012180619,-9.2564116E-4,5.326627E-4,-6.376857E-4,4.2604818E-4,-2.594451E-4,3.1231812E-4,-6.5259356E-4,3.9921905E-4)
(214, 0.23679624,-0.2533421,0.99562603,0.45171997,0.8561908,0.13340856,0.029167742,0.8421931,0.60267746,0.25465047)
(217, -41.84518,-105.05334,152.38992,-350.28784,-96.86662,-221.20985,-75.93095,-191.82433,79.175995,-138.39552)
(225, -0.01975077,-0.0011241294,0.012602803,-0.031512346,-0.01694284,-0.026262496,-0.013339098,-0.022004766,0.009881766,-0.0058425847)
(230, -0.0033959465,0.0041617104,0.0030949728,0.003687386,0.0037305115,0.0015533533,-0.002308179,0.0045139957,0.0022872097,0.0041029975)
(232, 1.883512E-4,3.121854E-4,3.272195E-4,5.470856E-4,5.0169416E-4,2.339601E-4,-7.2513E-5,2.1083097E-4,-5.089226E-5,5.4673007E-4)
(240, 0.0,0.0,0.0,0.0,0.0,0.0,0.0,0.0,0.0,0.0)
(243, 0.0,0.0,0.0,0.0,0.0,0.0,0.0,0.0,0.0,0.0)
(245, 5.4284616,-15.4276495,29.594736,-6.7172604,13.733139,-3.8774488,11.010204,7.3975873,25.575008,8.793736)
(248, 0.0015330008,0.0027363177,9.148935E-4,0.006028532,0.0045224316,0.005944592,-3.257115E-4,0.0041949498,0.002811166,0.004268892)
(250, 0.24461155,0.6170616,0.22320098,-0.3225512,-0.7423519,-0.9396857,0.3402716,0.26179564,-0.6752472,0.100493066)
(253, -0.016091742,-0.030744618,0.050717615,-0.03438971,-0.010567646,-0.020632273,0.030315114,0.031340934,0.022826439,0.00746496)
(254, -0.13201335,-0.012223948,0.054079313,-0.10627195,-0.18948682,-0.084981926,0.11890284,0.13460125,-0.039525464,0.015344355)
(255, 1.4694998,5.5892105,-2.3820481,-1.4516596,-0.4389045,-2.5897598,-5.11469,-2.1333904,3.6340666,-1.2630775)
(256, 1.9385357,4.7262945,-2.628079,-1.1331674,-0.42722684,-2.2542403,-4.4216866,-2.5349298,2.5929625,-1.1957833)
(258, -8.556282E-5,-1.4401377E-4,1.8577915E-4,-3.0845735E-4,-7.090395E-5,-1.9695259E-4,-9.423974E-5,-1.9617658E-4,1.2707498E-4,-6.9015354E-5)
(264, 1.5532822E-4,8.293812E-4,0.003231136,-0.004766159,-4.159894E-4,-0.0028142228,7.26424E-4,-0.002569894,0.0035418135,0.00227906)
(272, -6.0148304E-4,-0.004288667,0.0068235816,-0.0039909445,9.80565E-4,0.00428596,0.008615532,0.0053045186,0.0028360016,0.0028046502)
(274, -0.03941736,-0.025308723,0.027816467,-0.04527716,-0.030955316,-4.3009315E-4,0.04070833,0.023754802,-0.006045613,-0.0091336705)
(286, 0.0,0.0,0.0,0.0,0.0,0.0,0.0,0.0,0.0,0.0)
(292, 0.0,0.0,0.0,0.0,0.0,0.0,0.0,0.0,0.0,0.0)
(293, -0.017261399,-0.004285799,0.009825792,-0.023163829,-0.014963491,-0.01640561,-0.0041585686,-0.0065841638,0.0035167495,-0.0035027585)
(294, 0.0,0.0,0.0,0.0,0.0,0.0,0.0,0.0,0.0,0.0)
(298, -0.059174165,-0.03326729,-0.0127038555,-0.115934685,-0.11369389,-0.13304555,-0.031116102,-0.022389846,-0.02406922,-0.09228927)
(299, -0.015428981,-0.00725088,0.0057298457,-0.017623432,-0.01817709,-0.00453631,0.013916734,0.009324584,-0.0024571626,-0.003032808)
(300, -2.5827336E-4,6.8902606E-5,-1.9831299E-4,-5.28241E-5,-5.138899E-4,-6.17696E-4,-1.5205145E-4,2.9334988E-4,-1.211171E-4,-3.325596E-4)
(301, -1.1684016E-4,-4.3279448E-4,8.489019E-4,-2.1741279E-4,4.770716E-4,8.4112355E-5,3.606524E-4,3.282927E-4,4.9917254E-4,2.7720077E-4)
(306, -0.053786285,0.013648515,0.01823854,-0.049484253,-0.057498887,-0.0031162843,0.05400724,0.033408124,-0.02046239,0.0029810371)
(307, -0.14617579,-0.05179317,-0.13836849,-0.2050119,-0.38811225,-0.29033294,-0.020391854,0.022018055,-0.19879565,-0.3000864)
(312, 0.0,0.0,0.0,0.0,0.0,0.0,0.0,0.0,0.0,0.0)
(315, 0.028055416,0.005185549,0.040327363,0.03274002,0.0551903,0.017769963,-0.020648634,0.03100488,0.051165674,0.01608773)
(320, 0.15031143,0.019082533,-0.018714063,-0.30191067,-0.08838929,-0.3418528,-0.16652803,-0.26449892,0.092021525,-0.16672252)
(324, -0.0013056826,9.7382814E-4,0.003033061,-0.0014744397,-0.0017623,-0.0033379523,-7.836052E-4,-5.463904E-4,5.0883525E-4,0.0015815658)
(325, -0.07122667,0.060051754,-0.008525998,-0.109666705,-0.1007788,-0.03762567,-0.001958209,-0.11314078,0.051971335,0.029215593)
(327, 0.0,0.0,0.0,0.0,0.0,0.0,0.0,0.0,0.0,0.0)
(328, 3.9954085E-4,-1.4578825E-5,-2.1477957E-4,1.5667966E-4,4.343149E-5,-4.3553504E-4,-8.758464E-5,-1.3170386E-4,2.1754095E-4,-2.5858113E-4)
(330, -0.05600954,0.105860256,-0.13376458,-0.041072574,-0.20040366,-0.05782199,0.034774747,-0.074307725,-0.106368236,-0.05265927)
(337, -0.001244111,-6.458291E-5,3.8527225E-5,-0.001520446,-0.0014217744,-1.4401827E-4,4.2357098E-4,4.5702795E-6,-5.429242E-4,-2.928935E-4)
(339, 0.0021011238,-1.5805641E-4,0.0011873887,0.002313412,0.0020061973,5.8816525E-4,1.3064739E-4,0.0018970369,0.0016430325,2.5949848E-4)
(344, -0.0037403444,0.0040306086,0.006926992,0.0015215527,-0.001335431,-0.008145266,-0.0014196321,0.010148825,0.0025808662,0.006423261)
(345, 0.0,0.0,0.0,0.0,0.0,0.0,0.0,0.0,0.0,0.0)
(347, 0.0,0.0,0.0,0.0,0.0,0.0,0.0,0.0,0.0,0.0)
(351, 0.0,0.0,0.0,0.0,0.0,0.0,0.0,0.0,0.0,0.0)
(360, -0.0030517178,-0.0016686994,0.0018258907,-0.00250632,-0.0027057067,-0.0024354565,0.0024467516,0.002696997,6.058086E-4,-0.0010919902)
(361, 0.0,0.0,0.0,0.0,0.0,0.0,0.0,0.0,0.0,0.0)
(363, 0.0,0.0,0.0,0.0,0.0,0.0,0.0,0.0,0.0,0.0)
(364, -0.0015939493,4.8145128E-5,-9.835425E-4,-0.002110735,-0.0027817683,-0.0012306861,6.876359E-4,-5.308072E-4,-0.0010220371,-0.0012818344)
(371, 0.5929663,0.6270267,-0.46531498,0.45835188,0.025845759,-0.18171096,-0.4029531,-0.17188857,-0.19734111,-0.065303214)
(373, 1.9809425E-4,8.938871E-5,1.7189111E-4,2.0778307E-4,3.6943133E-4,-1.501934E-4,-2.5407886E-4,1.2329901E-5,1.9168083E-4,1.5971289E-4)
(375, 0.0,0.0,0.0,0.0,0.0,0.0,0.0,0.0,0.0,0.0)
(384, -4.68486E-4,4.3412924E-4,-6.3001807E-4,-1.08055894E-4,-4.1245148E-4,2.508614E-4,-1.4942932E-5,5.0872262E-5,-3.4434846E-4,-1.6836711E-4)
(386, 1.06444604E-4,-1.06899126E-4,-4.489601E-5,-1.6710853E-4,-8.068108E-5,-1.0443049E-4,-4.0264145E-5,-1.1840755E-4,5.8740166E-6,-1.3985229E-4)
(387, 0.0,0.0,0.0,0.0,0.0,0.0,0.0,0.0,0.0,0.0)
(394, 0.0,0.0,0.0,0.0,0.0,0.0,0.0,0.0,0.0,0.0)
(396, 8.21747E-4,1.046579E-4,-9.033135E-4,-1.9620669E-4,-7.638643E-4,5.6682836E-4,1.447548E-4,-6.230325E-4,-0.0014069148,-5.935286E-4)
(398, 0.005821819,0.049982656,-0.014020934,0.0279596,-0.027299624,-0.0022496665,-0.026217198,0.012882697,-0.04795352,0.017048478)
(403, 0.0073610866,0.012028732,-0.02725743,-5.648546E-4,-0.019647496,1.4209909E-4,0.007508928,-0.013466878,-0.020556435,-0.010911306)
(407, -3.9402442E-4,6.912952E-4,-5.841875E-4,1.0166297E-5,-0.0010816661,-4.7429954E-4,-3.1826456E-4,-1.705544E-5,-0.0010162794,-1.5164355E-5)
(420, 0.0,0.0,0.0,0.0,0.0,0.0,0.0,0.0,0.0,0.0)
(426, 0.0,0.0,0.0,0.0,0.0,0.0,0.0,0.0,0.0,0.0)
(432, 0.0,0.0,0.0,0.0,0.0,0.0,0.0,0.0,0.0,0.0)
(440, 0.0,0.0,0.0,0.0,0.0,0.0,0.0,0.0,0.0,0.0)
(450, 0.0015565869,-0.0018952824,-0.003993547,-0.0026412448,-0.005940437,-0.011403749,8.013475E-4,-0.0037537008,0.0034427808,-0.00489293)
(453, -0.0045196977,0.006125219,-0.0035505549,-9.380511E-4,-0.0052219382,-0.0031942888,-0.0023346986,-0.0016420315,-2.304441E-4,0.0020114894)
(454, 0.0,0.0,0.0,0.0,0.0,0.0,0.0,0.0,0.0,0.0)
(467, 0.0,0.0,0.0,0.0,0.0,0.0,0.0,0.0,0.0,0.0)
(474, 0.0,0.0,0.0,0.0,0.0,0.0,0.0,0.0,0.0,0.0)
(475, 0.0,0.0,0.0,0.0,0.0,0.0,0.0,0.0,0.0,0.0)
(476, 0.0,0.0,0.0,0.0,0.0,0.0,0.0,0.0,0.0,0.0)
(477, 0.0,0.0,0.0,0.0,0.0,0.0,0.0,0.0,0.0,0.0)
(478, 0.010561106,-0.005403897,0.0011531976,-3.6278873E-4,0.0010623758,0.0059083416,0.004998413,8.8877697E-4,0.0011151638,0.0019640923)
(491, -1.8714654E-4,7.1268537E-6,-1.1589977E-5,-1.6510415E-4,-2.0612901E-4,-6.6661705E-5,1.4414989E-5,-7.138122E-5,1.1710157E-5,1.1983376E-6)
(492, 7.335013E-4,0.0029227093,2.3168587E-4,0.0039894576,0.002884373,0.0023889828,-0.0023956576,0.002471212,0.0015589736,0.0016337689)
(495, -3.5685726E-4,0.0031112868,0.021857616,-0.007487374,0.018036632,0.0029230537,-0.011595921,5.597058E-4,0.027072864,0.0018326418)
(510, 9.447601E-4,4.8856105E-6,-4.4365806E-4,3.2720054E-4,-2.5401361E-5,6.180997E-4,1.3932775E-4,-6.0313483E-5,-1.7545401E-4,2.0989029E-4)
(517, 6.6405575E-4,-4.7415766E-4,1.9497517E-4,-4.4644857E-4,-9.895225E-5,7.606335E-5,2.2403213E-4,-2.2046179E-5,2.3702047E-4,8.441795E-5)
(520, 0.080189504,-0.010761346,-0.030181553,0.017633673,-0.012928754,0.036114052,0.014094241,-5.2854413E-4,-0.013527764,0.010401562)
(522, 0.0038191585,-6.258031E-4,-0.0023461937,4.883051E-6,-0.001970912,0.0014579701,5.761997E-4,-8.7892474E-4,-0.0013179058,-2.5076536E-4)
(524, 2.9918688E-4,8.880591E-4,-0.0015747744,-8.7450884E-5,-0.0018373594,9.284616E-4,-8.459913E-5,-5.491913E-4,-9.0530195E-4,4.841256E-4)
(526, 0.0011364056,3.9854327E-5,-6.489783E-4,4.5915486E-4,-6.509201E-5,2.758454E-4,1.5971567E-4,-1.0734406E-4,5.4995005E-5,1.3212227E-4)
(528, -2.81552E-4,-5.4222925E-5,-8.1305974E-5,-4.757114E-4,-5.8329117E-4,-4.244863E-4,-2.7922174E-4,-1.7774673E-4,-1.5717917E-4,-3.5045497E-4)
(530, 0.0,0.0,0.0,0.0,0.0,0.0,0.0,0.0,0.0,0.0)
(533, 1.740227,1.4380168,1.183005,2.088406,2.591174,0.83496594,-0.74089015,0.56773794,0.12151965,2.095842)
(534, -0.41426525,0.7814962,-0.6195122,0.22396319,-0.20515026,0.59136254,0.16084261,-0.16207448,-0.3556122,0.3560011)
(541, -0.020684501,1.0109069,-0.21929573,0.25278395,-0.25393233,-0.478567,0.16194813,0.28152522,-0.13256751,0.46803856)
(542, -2.8422684E-4,-5.135747E-4,6.5186387E-4,-5.759651E-4,-7.6594755E-5,-3.3927313E-4,4.493318E-4,1.9872088E-4,3.8545896E-4,5.2198966E-6)
(545, 8.2314284E-5,4.085753E-5,1.8353643E-5,1.3268873E-4,9.293304E-5,-3.5449266E-5,-3.3320746E-6,9.451513E-6,3.1974719E-6,2.144066E-5)
(547, -0.0027511034,-0.0028480282,0.0046856166,-0.0028169027,-5.1975244E-4,-0.001481769,0.0022626068,0.0036918786,0.0016537461,-6.6381467E-6)
(550, 6.941902E-4,-5.6218804E-4,2.804168E-4,-1.5547308E-4,9.848396E-5,5.4484914E-4,5.3365174E-4,2.4248021E-4,1.7757562E-4,1.5383882E-4)
(555, -0.014167814,-0.0032081138,0.0106636705,-0.012841446,-0.012542449,-0.007196345,0.008740917,0.011702796,-6.272617E-4,0.002800539)
(558, -0.07062889,0.03194052,0.017728562,-0.13413438,-0.09050815,-0.026512569,0.03172576,-0.030626902,-0.025140213,-0.009733755)
(559, -0.2128321,0.2788377,-0.4200759,-0.14923424,-0.38557172,-0.3761543,-0.07239185,-0.35254526,-0.028664682,-0.12689579)
(560, 55.25624,23.026121,101.6175,74.82812,138.16223,44.415695,20.939484,67.63131,71.55248,117.26664)
(561, 0.0,0.0,0.0,0.0,0.0,0.0,0.0,0.0,0.0,0.0)
(562, 1.3747996E-4,7.142607E-5,3.4554363E-5,1.9617537E-4,2.2425444E-4,1.9210234E-4,-1.9354786E-5,7.828825E-5,5.6964316E-5,1.5182476E-4)
(563, 210.91489,136.57695,114.37617,266.91922,312.278,63.841007,-29.743843,83.24373,108.14129,234.3303)
(574, -0.09200294,0.17315075,-0.06312404,-0.21296847,-0.20782207,0.039582856,0.12896582,-0.07220359,-0.103785224,0.049687374)
(599, -4.1817794,4.385935,-0.0599352,3.8487897,-1.9378792,-2.72873,1.884523,10.4653635,1.032314,0.68400073)
(604, -0.0049155634,-0.014459204,0.020821739,-0.012441328,0.005820048,-0.00162614,0.010623704,0.006858379,0.012059895,0.001954424)
(606, 0.027284047,0.052136187,-0.007691153,0.036030468,0.028391765,0.0036461165,-0.033672363,0.026318926,0.039912816,0.006418607)
(608, -0.0012781611,0.0013843491,-0.0030611905,-0.0021714473,-0.0038246957,0.0013303979,1.0807624E-4,-0.0021224136,-0.0033560537,-0.0011673841)
(611, -0.0023076562,-1.7978773E-4,0.0013821322,-0.0023967542,-0.0011135727,-0.001110291,-8.4594195E-4,-0.0010705685,9.330679E-4,-9.285234E-5)
(613, -0.012754271,-0.009284556,0.017464317,-0.02659604,-0.0089374315,-0.019506816,-0.008377106,-0.013714116,0.014688426,-0.0056829355)
(614, 0.0,0.0,0.0,0.0,0.0,0.0,0.0,0.0,0.0,0.0)
(631, 0.0,0.0,0.0,0.0,0.0,0.0,0.0,0.0,0.0,0.0)
(634, 0.0,0.0,0.0,0.0,0.0,0.0,0.0,0.0,0.0,0.0)
(640, 0.0,0.0,0.0,0.0,0.0,0.0,0.0,0.0,0.0,0.0)
(641, -0.0038402684,0.008441821,-0.0022774127,-0.0043894285,-0.021393364,-0.009894493,0.0024277796,0.0047370023,-0.0016896134,0.0039525134)
(642, -0.0024833435,0.004247745,0.0050517484,0.005460153,0.0043228455,0.0043920055,-6.620734E-4,0.003791719,0.003472068,0.007189058)
(647, 0.0,0.0,0.0,0.0,0.0,0.0,0.0,0.0,0.0,0.0)
(651, 1.5152032E-4,3.175684E-5,-5.638381E-6,1.7581176E-4,1.2397447E-4,6.566286E-5,-4.1710202E-5,7.3083815E-5,1.3312977E-5,3.2650245E-5)
(654, 7.801142E-5,-3.755868E-5,7.6250876E-6,-1.9861947E-5,1.4327048E-5,1.8598643E-5,1.0534369E-5,-2.2840406E-5,-4.4108174E-6,-1.2415765E-5)
(658, 0.003598945,-5.1840255E-4,-0.0014656215,7.936407E-4,-4.332455E-4,0.0018130663,6.393877E-4,-2.7890198E-4,-6.902931E-4,2.4932323E-4)
(662, 1.8659545E-4,1.0049479E-5,-8.475151E-5,1.2914387E-4,5.3907628E-5,-1.2679705E-4,8.505242E-5,-8.3730425E-5,1.5713606E-4,3.4676512E-5)
(665, 0.0,0.0,0.0,0.0,0.0,0.0,0.0,0.0,0.0,0.0)
(668, -0.0012344397,-0.0018635638,0.004762252,-7.8187464E-4,0.0023270773,5.80621E-4,0.002092261,0.0027610518,0.0017234271,0.0014286273)
(670, -0.02129758,0.022353614,-0.012639355,-0.0050225505,-0.016646676,0.0040524835,-0.0051989444,-0.0068862946,-0.005333846,0.012893099)
(677, 0.018467333,-6.430669E-5,-0.013233876,5.8242795E-4,-0.00858555,0.0064519667,0.0031427296,-0.0068626883,-0.007250192,-0.0015060827)
(678, 0.017014863,0.0030676627,-0.011493677,0.005818447,-0.0029549361,0.008072782,0.002273749,-0.0040534534,-0.004920858,0.0022210954)
(679, 0.27403036,0.2648754,0.85707664,-0.37730214,0.48818374,-0.24730374,-0.8904224,-0.06936935,1.3852756,0.027152581)
(680, -1.6275499,0.68638676,-2.1296482,-1.0296957,-4.240068,-1.5453506,-0.12721632,0.27185187,-3.4980552,-2.27748)
(698, 0.0,0.0,0.0,0.0,0.0,0.0,0.0,0.0,0.0,0.0)
(700, -0.0021696289,4.555649E-4,-0.0014743812,-0.0022955013,-0.004412744,-0.0028402088,9.622242E-5,-6.314394E-4,-0.0018113701,-0.0021813496)
(701, -0.0023572114,-0.0038131196,0.0066139465,-0.005762962,-3.162872E-5,3.8244494E-4,0.006573236,0.0025997232,0.0032304707,0.0022524663)
(703, -4.6649834E-4,1.6625467E-4,-3.7853277E-4,-3.7911892E-4,-5.811582E-4,1.7153625E-4,1.9643643E-4,-1.694634E-4,-4.5796062E-4,-1.965958E-4)
(704, -0.016513005,0.013571695,-0.019283678,-0.012183863,-0.023759272,9.019497E-4,-0.0027407163,-0.010604556,-0.01771265,-0.004312884)
(705, 2.1359658E-4,-8.7216154E-5,-1.05999556E-4,2.5116637E-5,-6.677832E-5,0.0010621833,0.0011352188,-8.905953E-6,-8.847357E-4,-3.030146E-4)
(707, -0.0059237247,-0.0029875473,0.014295524,-0.002881986,0.0049925456,-5.163641E-4,0.0086569935,0.008765849,0.008173346,0.007935281)
(708, -0.017297981,-0.014258937,0.08790325,-0.041103367,-0.01375479,0.0013810825,-0.038149986,-0.031668298,0.09192986,0.027580399)
(710, -3.3229325E-4,0.0054679485,0.0020622772,0.0039034772,0.003562789,0.005495118,-3.6711004E-4,0.0033556342,0.0054954644,0.0071683745)
(721, 5.396613E-4,1.07175285E-4,-4.3141577E-4,1.5064083E-4,-1.5273108E-4,1.3056642E-4,-1.5120179E-4,7.288332E-5,-2.209491E-4,-2.205463E-4)
(722, 0.0,0.0,0.0,0.0,0.0,0.0,0.0,0.0,0.0,0.0)
(728, -0.004050205,-7.913589E-4,0.0034246482,-0.0043965145,-0.0027918045,4.6277733E-4,0.0034335896,0.0029454331,6.26542E-4,0.0015156434)
(732, 0.0,0.0,0.0,0.0,0.0,0.0,0.0,0.0,0.0,0.0)
(733, 0.0,0.0,0.0,0.0,0.0,0.0,0.0,0.0,0.0,0.0)
(743, 0.0011373924,5.208479E-4,5.019826E-4,0.0015781809,0.0019657442,0.0013355697,7.347152E-5,6.645269E-4,0.0010024388,0.0011194736)
(746, 0.0,0.0,0.0,0.0,0.0,0.0,0.0,0.0,0.0,0.0)
(747, 0.0,0.0,0.0,0.0,0.0,0.0,0.0,0.0,0.0,0.0)
(764, 0.032688852,0.05652096,0.024792444,0.11428399,0.006378793,0.050983977,-0.012657,0.09442491,0.0631219,0.031549733)
(768, 1.5152087E-4,3.1758616E-5,-5.639348E-6,1.7581426E-4,1.2397577E-4,6.566449E-5,-4.171054E-5,7.308436E-5,1.3313101E-5,3.2651875E-5)
(771, 12.595341,6.4262013,9.024465,15.019823,13.710311,7.6531706,5.1175604,15.2599325,11.943776,12.568866)
(772, -0.01412848,0.011863464,0.039469983,0.0041995067,0.011928058,0.04100274,0.044912606,0.046141215,0.0053820363,0.0205956)
(773, -4.354175,4.975215,-4.0193934,-1.328277,-5.3296695,0.7320208,-0.2052702,-0.8429238,-2.5534832,1.2533334)
(782, -3.0632172E-4,3.2457162E-4,-4.93126E-4,-1.7108768E-4,-7.298697E-4,-6.690176E-4,6.083339E-6,-2.0569783E-4,-1.1877127E-4,-9.7884484E-5)
(785, 0.021423541,-0.0012494235,-0.010028718,0.0057572527,-0.004768572,0.009104568,0.0028099562,-1.8773538E-4,-0.0039116153,0.0031808878)
(788, 2.699066E-4,6.4412794E-5,-2.8818392E-4,2.1818896E-4,9.817994E-5,1.3709992E-4,1.2357162E-4,-3.2772772E-5,-7.721751E-5,-1.7733118E-4)
(796, 2.8316106E-5,-1.8275151E-4,0.0010810188,1.8394974E-5,3.7674734E-4,6.3702435E-4,4.1124856E-4,9.973701E-4,7.057868E-4,0.0010874555)
(801, -0.0074911974,4.5482584E-4,-0.0041710176,-0.009222806,-0.014803749,-0.0075630634,0.0022873248,-1.2169794E-4,-0.003552471,-0.0048159203)
(803, 4.349871E-5,-0.0021992102,-0.0021093457,-0.0061421045,-0.0092554325,-0.002254379,0.00273725,0.0012593225,-0.004274737,-0.004786768)
(807, -0.1195653,0.00494938,-0.09749634,-0.1629586,-0.430921,-0.27131718,-9.640044E-4,0.100425914,-0.1171911,-0.12947723)
(808, -0.0039618616,0.0032555861,0.004357921,5.036627E-4,0.0017060494,-0.0019591858,-0.0023609751,0.0025827016,0.0036187053,0.0049124258)
(809, -0.008604793,0.04228182,0.010012347,0.04127406,0.024147347,0.015635714,-0.0043709716,0.05810697,0.014484904,0.03894474)
(817, 0.0060338737,6.603409E-4,0.00611343,0.006860484,0.009380046,0.0023148833,-0.002868544,0.0046022646,0.0050848504,0.00204815)
(818, -0.007586527,-0.003291526,0.01706549,-0.010123705,-0.001833236,-0.00449137,-0.004694566,0.0022436325,0.021809796,0.002616003)
(819, 0.0015244469,0.0038070783,-8.1138416E-5,0.0048949947,0.0025986866,1.0185276E-4,-0.003528119,0.0021029678,0.0024649429,0.001402635)
(823, 0.0043707867,0.0016450866,0.0040500425,0.0037387686,0.007863189,-0.0038753664,-0.005904145,-4.6290882E-4,0.0043448233,0.0031712304)
(831, -0.02236773,-0.005205552,0.015232395,-0.040978856,-0.020289833,-0.019327264,-0.010363031,-0.030973407,0.02083615,-0.007821575)
(837, 0.03410578,0.05882255,0.014782131,0.09366836,0.08673059,0.054487303,-0.01449378,0.05387812,0.026242198,0.050788596)
(839, 0.011266351,0.014351119,-0.0049953284,0.025035165,0.013211891,0.012863227,0.0011881639,0.012170421,0.0035305913,0.008573618)
(844, 0.0,0.0,0.0,0.0,0.0,0.0,0.0,0.0,0.0,0.0)
(846, 0.0,0.0,0.0,0.0,0.0,0.0,0.0,0.0,0.0,0.0)
(850, 0.0,0.0,0.0,0.0,0.0,0.0,0.0,0.0,0.0,0.0)
(852, 0.0,0.0,0.0,0.0,0.0,0.0,0.0,0.0,0.0,0.0)
(853, -1.7855256E-5,-1.0174447E-4,7.692228E-5,-2.0264582E-4,-6.4636624E-5,-1.8878945E-4,-5.8985643E-5,-1.456808E-4,8.83576E-5,-7.8526675E-5)
(861, 0.0,0.0,0.0,0.0,0.0,0.0,0.0,0.0,0.0,0.0)
(867, -2.3367415E-4,-8.655878E-4,0.0016977862,-4.3482825E-4,9.541257E-4,1.6821761E-4,7.213013E-4,6.5657694E-4,9.983294E-4,5.5438594E-4)
(876, 0.0,0.0,0.0,0.0,0.0,0.0,0.0,0.0,0.0,0.0)
(882, 0.0,0.0,0.0,0.0,0.0,0.0,0.0,0.0,0.0,0.0)
(884, 0.0,0.0,0.0,0.0,0.0,0.0,0.0,0.0,0.0,0.0)
(889, -0.15371187,0.18114081,0.05631721,-0.0682135,-0.17681701,-0.17638741,0.06209252,0.14936043,-0.09591953,0.10475723)
(890, 0.0,0.0,0.0,0.0,0.0,0.0,0.0,0.0,0.0,0.0)
(891, 0.0,0.0,0.0,0.0,0.0,0.0,0.0,0.0,0.0,0.0)
(892, 0.0,0.0,0.0,0.0,0.0,0.0,0.0,0.0,0.0,0.0)
(894, 0.0,0.0,0.0,0.0,0.0,0.0,0.0,0.0,0.0,0.0)
(895, 4.4738167E-6,7.7923025E-5,9.319731E-5,3.2991453E-4,2.0184572E-4,7.202028E-5,-8.80942E-5,3.4622414E-4,-4.078958E-5,-7.756499E-6)
(897, 0.0,0.0,0.0,0.0,0.0,0.0,0.0,0.0,0.0,0.0)
(901, 0.0,0.0,0.0,0.0,0.0,0.0,0.0,0.0,0.0,0.0)
(904, 0.0,0.0,0.0,0.0,0.0,0.0,0.0,0.0,0.0,0.0)
(905, 0.0,0.0,0.0,0.0,0.0,0.0,0.0,0.0,0.0,0.0)
(913, 0.0,0.0,0.0,0.0,0.0,0.0,0.0,0.0,0.0,0.0)
(915, -2.2052928E-4,1.3086102E-4,-1.8981457E-4,-1.193721E-4,-1.7459287E-4,3.2459252E-4,2.4432602E-4,-1.5175492E-4,-2.129251E-4,3.9240567E-5)
(918, 0.0,0.0,0.0,0.0,0.0,0.0,0.0,0.0,0.0,0.0)
(922, 0.0,0.0,0.0,0.0,0.0,0.0,0.0,0.0,0.0,0.0)
(924, 0.0,0.0,0.0,0.0,0.0,0.0,0.0,0.0,0.0,0.0)
(933, 0.0,0.0,0.0,0.0,0.0,0.0,0.0,0.0,0.0,0.0)
(939, -7.757608E-5,-6.78462E-5,-9.064266E-5,-1.2521785E-4,-3.7140728E-4,-2.9092506E-4,-1.0127063E-4,6.0505878E-5,-1.4126112E-4,-2.7457252E-4)
(957, 0.0,0.0,0.0,0.0,0.0,0.0,0.0,0.0,0.0,0.0)
(965, 0.0,0.0,0.0,0.0,0.0,0.0,0.0,0.0,0.0,0.0)
(972, -0.0011152353,-0.0020971084,0.004281294,-0.001474179,0.001567589,-8.027479E-4,0.0012002916,0.002213386,0.0018553179,5.0083763E-4)
(976, 0.0,0.0,0.0,0.0,0.0,0.0,0.0,0.0,0.0,0.0)
(980, 0.026698649,0.00757537,0.021632198,-0.022025092,0.021332765,-0.010084309,-0.037417226,-0.02417664,0.027458219,-0.010185818)
(982, 0.0017680766,0.0013581904,-3.9311833E-4,0.0020909407,0.0019303786,0.0012343308,-5.192055E-4,9.950369E-4,0.0011264073,0.0011469162)
(985, -5.3821717E-5,-8.5614265E-5,9.027296E-5,-1.962808E-4,-7.6732205E-5,-1.3516251E-4,-6.220268E-5,-1.2968713E-4,3.8824906E-5,-6.949847E-5)
(986, -0.91880405,-1.0565846,1.7484843,-1.9702106,-0.70088863,-1.3541459,-0.12706065,-0.40867105,1.203271,-0.20638286)
(998, 0.0,0.0,0.0,0.0,0.0,0.0,0.0,0.0,0.0,0.0)
(1003, -5.3805084E-4,-4.532095E-5,6.471074E-4,-7.574171E-4,3.558723E-4,6.257528E-4,3.5448122E-4,-2.4482858E-4,2.2233453E-5,2.910106E-4)
(1009, -0.001942979,-0.008450048,0.017001506,-0.0056666397,0.00966227,0.0012568278,0.007308426,0.0064103613,0.009841077,0.0046831598)
(1014, 3.0027106E-4,0.0022251501,-0.0013117808,2.1187292E-4,-0.001924519,-3.8860334E-4,-2.6071104E-4,-4.93168E-4,-0.002257056,5.284034E-4)
(1016, 2.0436183E-4,1.6391935E-4,5.3416414E-4,7.688135E-4,2.360101E-4,6.197142E-4,4.9734267E-4,0.0018027766,3.196298E-4,9.242127E-4)
(1017, 4.389687E-5,-1.17257674E-4,8.0225023E-4,1.333981E-4,7.070907E-4,2.0428142E-4,2.456095E-4,3.5100637E-4,5.4314215E-4,5.9357885E-4)
(1023, 0.0,0.0,0.0,0.0,0.0,0.0,0.0,0.0,0.0,0.0)
(1027, 0.0,0.0,0.0,0.0,0.0,0.0,0.0,0.0,0.0,0.0)
(1030, -2.8541038E-4,1.6365231E-4,4.484521E-4,1.4104998E-4,2.3530603E-4,-2.7900602E-4,-1.4433016E-4,4.754529E-4,-9.6727774E-5,-2.570788E-4)
(1033, -0.0031714137,0.0022475275,0.0025843983,-0.0013936943,-5.1676296E-4,-8.7443454E-4,0.0012914353,0.003616568,0.0019719722,0.0048310794)
(1036, -1.029368E-4,2.6695287E-5,8.285837E-5,5.9096383E-6,-1.0211102E-4,-2.0374433E-4,-2.375719E-5,1.466253E-4,6.2343854E-5,9.2122646E-5)
(1037, -3.4387567E-4,2.5935564E-4,-1.5829694E-4,-6.874489E-5,-1.686854E-4,-1.0272657E-5,-1.2854327E-4,9.614326E-6,-1.3490225E-4,3.2536012E-5)
(1041, -2.2052805E-4,1.3085942E-4,-1.8980476E-4,-1.1936785E-4,-1.7458106E-4,3.2459482E-4,2.4432712E-4,-1.5174957E-4,-2.1291501E-4,3.9248403E-5)
(3, -0.076852016,-0.08214397,0.069312364,-0.33125737,-0.24215719,-0.27360848,-0.08479598,-0.21101013,0.064681865,-0.15044956)
(5, -0.002616027,-0.014208403,0.035279054,-0.0031199888,0.022172045,0.008512082,0.020011857,0.021981334,0.024104169,0.017258402)
(8, -0.022890715,0.04543543,-0.015714902,-0.01499226,-0.018383075,-0.038226333,-0.018790673,-0.03457044,0.0033663076,0.020176252)
(14, -0.0020800803,5.653186E-5,0.0011880186,-0.0029433712,-9.802468E-4,-7.202962E-4,2.6171654E-4,-3.8095133E-4,7.759185E-5,2.6580621E-4)
(16, -4.115659E-5,-3.253307E-5,-2.3921156E-4,-1.0922059E-4,-4.084432E-4,-3.5714233E-4,-2.6871374E-5,2.9264063E-5,-2.6588133E-4,-4.0310356E-4)
(22, -3.7108146E-4,-4.7783589E-4,5.623126E-4,-8.5486943E-4,-2.6699502E-4,-6.428821E-4,1.8875649E-4,-5.7970617E-5,2.0650643E-4,-2.6039217E-4)
(23, -0.0017308646,9.5839794E-5,-6.675123E-5,-0.002637856,-0.0023579777,0.0044263937,0.0046808156,0.00111135,-7.95825E-4,0.0017955271)
(24, -0.08588537,0.20126614,0.43670413,-0.14744146,-0.020805119,0.0145117035,0.13878708,0.13910046,0.08165563,0.11363552)
(26, -0.13714035,0.14752409,-0.11377335,-0.06724488,-0.23727585,-0.03948722,0.104120865,0.044888,-0.10910328,-0.0035454875)
(28, -0.00464443,-0.0012152937,0.0030844428,-0.00898958,-0.00897303,-0.011559975,-0.0020061235,1.61359E-4,-7.3760835E-4,-0.0037935711)
(39, 0.5689966,0.030339705,-0.5926555,0.027116545,-0.59928,0.90438664,1.3432451,-0.30625144,-2.0347636,-1.4523245)
(43, -0.12347967,-0.029659456,0.13210584,-0.097529426,-0.03523373,-0.0034550093,0.10691877,0.095083125,0.030424073,0.038842067)
(47, -0.03021954,0.0038083869,0.0059672836,-0.027926859,-0.032316037,0.013097986,0.012266048,-0.0021642381,-0.02565831,-0.019733397)
(51, 0.0024000052,0.0031832461,0.0034110302,0.0053759404,0.0071522743,0.006108211,-9.3043275E-4,0.0073914207,0.006685976,0.005070606)
(56, -0.0018107629,1.9140309E-4,-6.0546052E-5,-0.0027938732,-0.0028748498,-0.0026525585,-7.845654E-4,-0.0014551025,-2.1169442E-4,-0.001109197)
(60, -1.9453632E-4,4.108884E-6,-9.662387E-5,-2.7586985E-4,-4.817125E-4,-1.9046222E-4,-2.0902215E-5,-1.18273965E-4,-8.900652E-5,-7.280897E-5)
(62, 0.0,0.0,0.0,0.0,0.0,0.0,0.0,0.0,0.0,0.0)
(63, -0.08696295,0.025525717,-0.08207917,-0.06113788,-0.18133247,-0.08509765,0.004814912,0.01105609,-0.07804109,-0.056816354)
(66, -8.580981E-4,-0.0012902281,0.0027617966,-0.0017480609,-7.7436236E-4,-0.002667496,-9.356749E-4,3.2884438E-4,0.0030202796,-1.1655468E-4)
(68, 0.0,0.0,0.0,0.0,0.0,0.0,0.0,0.0,0.0,0.0)
(74, 5.536599E-4,7.126434E-4,-0.002070252,-0.0014042692,-0.0025682724,4.555646E-4,7.740974E-4,-0.0011565064,-0.0022930591,-7.2680815E-4)
(76, -7.8452646E-4,6.7355845E-4,-8.058209E-4,-2.0980588E-4,-0.0010659493,-1.478909E-4,-2.5087656E-4,-3.0518535E-5,-6.0708664E-4,-1.1478004E-4)
(77, -8.9454715E-4,5.180618E-4,-0.0015524712,6.712926E-5,-0.0024791667,-0.0012925962,-1.6561682E-4,0.0011638748,-9.784575E-4,-0.0011540492)
(84, -5.561245E-4,2.5484036E-4,-7.086307E-4,-1.6228647E-4,-0.0011507383,-2.3082866E-4,7.343488E-5,1.668312E-4,-5.7825807E-4,-3.6072967E-4)
(86, -2.2717043E-4,-8.653647E-4,0.0014870083,-4.982319E-4,6.621271E-4,8.175569E-5,6.8193016E-4,6.8158493E-4,7.7486824E-4,3.142813E-4)
(87, 0.0,0.0,0.0,0.0,0.0,0.0,0.0,0.0,0.0,0.0)
(103, 0.0,0.0,0.0,0.0,0.0,0.0,0.0,0.0,0.0,0.0)
(104, 4.228855E-4,9.716956E-5,7.4205263E-6,6.559482E-4,4.2771435E-4,1.623027E-4,7.993796E-6,4.262508E-4,1.16886644E-4,5.7890542E-5)
(105, 7.616907E-5,-1.2384107E-5,-5.1103536E-5,-4.291916E-6,-5.0113606E-5,2.1757398E-5,1.3619908E-5,-4.4136013E-6,-2.806414E-5,-9.544602E-6)
(106, -9.895282E-5,-2.8815557E-5,-2.2932928E-4,-1.5805227E-4,-4.894617E-4,-3.700968E-4,-1.03276456E-4,3.7492173E-5,-2.653835E-4,-3.5326602E-4)
(121, 0.0,0.0,0.0,0.0,0.0,0.0,0.0,0.0,0.0,0.0)
(126, -2.547724E-4,9.210535E-5,8.716517E-4,3.4794217E-4,8.853605E-4,6.547038E-4,3.7531185E-4,5.7058467E-4,7.190053E-5,5.2762806E-4)
(129, -2.8694724E-4,2.4980635E-4,-2.8455956E-4,-1.3614574E-4,-3.7435797E-4,-1.223149E-4,-1.6412907E-4,-8.097523E-5,-2.8461014E-4,-8.878018E-5)
(137, 1.103459E-4,1.535433E-4,-1.9613258E-4,-2.2973368E-4,-5.2826916E-4,7.6839066E-4,6.062495E-4,1.785227E-4,-2.3370453E-4,6.692184E-4)
(138, -6.6179613E-4,2.4506013E-4,-2.1906149E-4,-5.392619E-4,-7.980895E-4,-3.4159E-4,-5.3788433E-5,-2.61543E-4,-4.0482785E-4,-1.102165E-4)
(141, 0.0,0.0,0.0,0.0,0.0,0.0,0.0,0.0,0.0,0.0)
(143, 3.8527844E-5,4.2607568E-5,-1.9477133E-4,3.8121067E-5,-2.6520537E-4,-1.7799629E-4,-1.226308E-4,1.1578017E-4,-2.084166E-4,-2.014418E-4)
(146, 0.0033406136,0.006270542,0.002163749,0.009515467,0.0072362456,0.0045025935,-0.0022860856,0.006367799,0.0021132038,0.004034771)
(151, -1.4495097E-4,-6.3325155E-5,-1.8079022E-4,-2.5310196E-4,-5.2081735E-4,-4.430307E-4,-1.3522932E-4,-1.6742551E-5,-2.2294636E-4,-3.7302027E-4)
(160, 0.0,0.0,0.0,0.0,0.0,0.0,0.0,0.0,0.0,0.0)
(161, 0.0,0.0,0.0,0.0,0.0,0.0,0.0,0.0,0.0,0.0)
(162, 0.0,0.0,0.0,0.0,0.0,0.0,0.0,0.0,0.0,0.0)
(166, 1.3777016E-4,4.7559476E-7,1.0276581E-4,2.0352394E-4,2.4520783E-4,-3.8312264E-5,-3.0038225E-5,1.4602584E-4,1.6848903E-4,6.567313E-5)
(170, -21.201962,25.437162,-7.67239,1.2469262,-44.486355,-26.130922,1.5132102,22.326365,-7.4259133,6.6768117)
(172, 6.2560916,1.4982529,-4.246453,1.7818522,-3.99955,1.5764002,0.49270794,-0.36449873,-3.130014,0.41739708)
(182, 0.0,0.0,0.0,0.0,0.0,0.0,0.0,0.0,0.0,0.0)
(185, -0.090940416,0.09655796,-0.095487855,0.054566916,-0.06905783,0.117169075,0.07914606,0.13350533,-0.08883882,0.010433017)
(187, 2.1324654,1.7167038,-1.8069744,1.074694,-0.6299949,1.0636966,1.5166299,-2.092265,-1.4120104,-1.694449)
(190, 0.8932857,0.89724183,6.834842,6.0513897,-0.6817347,-7.622821,1.8369647,8.153268,11.330838,1.9107717)
(194, -0.014832842,0.052528545,-0.012050914,0.036465,0.0046128384,0.0286793,-0.009367675,0.015744558,-0.016216092,0.0408782)
(207, -0.9647458,-1.1898915,2.1690383,-2.8842244,-0.4190224,-0.8251493,0.8373705,-0.47441438,1.2436295,-0.055723254)
(210, 2.365508E-5,2.9410655E-4,-6.086136E-4,-7.214549E-5,-4.450145E-4,1.1184284E-4,1.2428351E-4,-3.9322977E-4,-2.562508E-4,-3.851264E-5)
(211, -0.006745788,0.00492215,-0.0038899977,-7.801865E-4,-0.0077007813,-0.0018596634,-4.4604792E-4,0.004544588,-0.004145155,-8.922327E-4)
(215, 0.15892291,-0.13816182,-0.014828121,-0.22661145,-0.1667273,-0.2594421,0.1851964,-0.18815972,0.15843876,-0.09469114)
(218, 2.8261653E-4,2.3313303E-4,-3.7823476E-5,6.972809E-4,3.657498E-4,5.411452E-4,2.2632394E-4,3.9283666E-4,-2.2648154E-4,6.701175E-5)
(219, -0.004467166,0.00774738,-3.8282343E-4,0.0012915967,-0.00238624,1.302419E-4,-3.056349E-4,0.0021354652,-0.0020255311,0.004708865)
(220, -0.013119616,0.030263482,0.09344504,0.057468932,0.051350255,0.015898814,-0.0122701675,0.080753334,0.11573425,0.06653634)
(222, 0.022031074,0.0041649416,-0.010390681,-0.049192175,-0.03471541,-0.015099611,-0.02884384,-0.03955003,0.008977247,-0.01712071)
(223, 3.680349E-4,-1.1612663E-4,-1.0914859E-4,9.6235926E-5,-1.4526439E-4,-7.979195E-4,1.4707333E-4,-2.7238502E-4,-3.7912076E-5,-5.6000816E-4)
(224, 0.0025417292,1.6231713E-4,-7.158087E-4,-2.9848202E-4,2.8463235E-4,-3.015386E-4,-0.0015106468,-0.0012192692,9.0122405E-5,-4.2684772E-4)
(226, 0.017707562,0.0688001,-0.051292382,0.01468993,-0.0034975898,-0.01973545,-0.03948314,-0.028177833,0.031378247,0.006188398)
(238, -0.6718478,-0.82603794,1.6330053,-1.042168,-0.47436038,-0.30586866,1.2713913,1.3242735,0.6128232,0.5525507)
(239, 0.0,0.0,0.0,0.0,0.0,0.0,0.0,0.0,0.0,0.0)
(252, -0.4522538,-0.024028428,0.106151655,-0.40584263,-0.88694525,-0.39906362,0.45752165,0.49420875,-0.20010343,-0.0061699017)
(261, -1.4723585,-0.16450173,2.5928934,0.5342823,-0.017080916,0.4941927,-0.10579214,1.644657,3.210517,0.7439761)
(262, 0.07620169,0.03280234,-0.034628943,-0.032580655,-0.13884754,0.09077956,0.15001607,0.09214926,-0.049624093,0.078027435)
(267, -0.016515315,5.2827783E-4,0.007339313,-0.015917426,-0.020447383,-0.022967655,0.0016797706,0.009088066,-0.0013606332,-0.004714003)
(269, 0.0,0.0,0.0,0.0,0.0,0.0,0.0,0.0,0.0,0.0)
(287, -0.02375901,0.008514116,-0.009968736,-0.0111595215,-0.035764635,-0.019247085,-0.0019396447,0.0107262805,-0.016499564,-0.0064325663)
(290, 0.0,0.0,0.0,0.0,0.0,0.0,0.0,0.0,0.0,0.0)
(296, -1.5675883E-4,-5.891611E-5,1.7312494E-4,-1.9037152E-4,-1.7884845E-4,-3.3890814E-4,-8.596176E-5,1.6934946E-5,1.0116475E-4,2.2621858E-5)
(304, -7.2779704E-4,-4.0505553E-4,0.0010852059,-6.5887E-4,-4.3615728E-4,-0.0012579513,1.4263729E-4,7.4665435E-4,5.5270194E-4,3.02624E-4)
(305, -2.8924213E-4,-3.2462695E-4,3.47632E-4,-0.0011401159,-3.682787E-4,-5.132213E-4,-4.353889E-4,-6.6046225E-4,1.8536906E-5,-4.432595E-4)
(310, 0.0,0.0,0.0,0.0,0.0,0.0,0.0,0.0,0.0,0.0)
(311, 0.0,0.0,0.0,0.0,0.0,0.0,0.0,0.0,0.0,0.0)
(317, -2.52081E-4,-1.6416491E-4,8.177289E-4,-2.0539414E-4,4.2202554E-4,9.7654105E-5,3.412459E-4,2.2843471E-4,4.770997E-4,5.5932393E-4)
(326, -1.0135448E-4,0.004947038,0.019298645,-0.002729974,0.0054459353,-0.009051504,0.004968295,0.015123445,0.0036991837,0.010616215)
(334, 0.0,0.0,0.0,0.0,0.0,0.0,0.0,0.0,0.0,0.0)
(336, -6.261084E-4,0.003204656,-0.0035468277,6.244982E-4,-0.0054760845,-0.00448665,-0.0010100857,0.001355369,-0.0020887682,-0.0015925901)
(353, 4.2988357E-4,7.911788E-5,7.988461E-5,2.0472007E-4,3.1696993E-4,-3.315157E-4,3.8213233E-8,-4.1000347E-4,4.8053425E-4,2.3937038E-4)
(356, 0.0,0.0,0.0,0.0,0.0,0.0,0.0,0.0,0.0,0.0)
(362, 0.0,0.0,0.0,0.0,0.0,0.0,0.0,0.0,0.0,0.0)
(370, 0.0,0.0,0.0,0.0,0.0,0.0,0.0,0.0,0.0,0.0)
(376, 0.0,0.0,0.0,0.0,0.0,0.0,0.0,0.0,0.0,0.0)
(379, -2.7978043E-5,2.1192647E-4,-1.7239897E-4,3.7986704E-4,1.2400324E-4,3.4834328E-4,2.8471997E-5,3.7677021E-4,-5.9257636E-5,9.665856E-5)
(388, 0.0,0.0,0.0,0.0,0.0,0.0,0.0,0.0,0.0,0.0)
(389, 6.286736E-5,9.286115E-5,3.067007E-4,-0.001060753,-7.0785754E-5,-4.902691E-4,-8.5364183E-4,-0.0014129223,-3.447727E-4,-4.298551E-4)
(409, 9.023334E-4,-1.2387242E-4,-3.727111E-4,1.8903633E-4,-1.039917E-4,4.4946623E-4,1.4997332E-4,-8.751185E-5,-1.798697E-4,6.267594E-5)
(417, -3.086302E-4,5.680178E-4,-7.66607E-5,9.492101E-4,3.6583008E-4,9.7601506E-4,9.1942085E-5,8.553417E-4,1.7866693E-4,5.983756E-4)
(427, 0.0,0.0,0.0,0.0,0.0,0.0,0.0,0.0,0.0,0.0)
(429, 0.0,0.0,0.0,0.0,0.0,0.0,0.0,0.0,0.0,0.0)
(434, 1.9803094E-5,-3.9942337E-5,-2.818208E-4,-2.2602979E-5,-4.8310962E-4,-7.5193314E-4,-5.820702E-5,2.8871294E-4,7.965488E-5,-3.7246032E-4)
(435, 0.0,0.0,0.0,0.0,0.0,0.0,0.0,0.0,0.0,0.0)
(436, 0.0,0.0,0.0,0.0,0.0,0.0,0.0,0.0,0.0,0.0)
(437, -0.003984458,0.0042417413,-0.0037454343,5.363857E-4,-0.004877956,-0.0023514475,-0.0012445984,0.0011296681,-0.0017670573,5.152502E-4)
(441, -3.2518498E-4,6.09773E-5,-0.0010853809,-6.624267E-4,-0.0014999907,-0.0018572236,1.4577981E-5,-6.921306E-4,4.7840396E-5,-0.001013139)
(442, -0.0121377455,0.001964802,-3.632843E-6,-0.016255625,-0.015786506,-0.013373108,-0.006428018,-0.0103176525,-7.6606846E-4,-0.0041579483)
(445, -2.1605422E-4,2.0879087E-4,-9.662681E-5,2.1054731E-4,2.724948E-5,3.966143E-4,1.5622846E-4,1.9446695E-4,-2.5371864E-4,3.1484597E-5)
(449, 0.0,0.0,0.0,0.0,0.0,0.0,0.0,0.0,0.0,0.0)
(452, 0.0,0.0,0.0,0.0,0.0,0.0,0.0,0.0,0.0,0.0)
(456, -0.0014229645,0.0020521462,-7.683674E-4,9.717824E-4,-0.00234828,-0.0014977553,-0.0013281602,0.0017267431,-0.0018177008,2.9952195E-4)
(457, -4.9894996E-4,-4.258355E-4,0.0021391783,3.5185931E-4,0.0010629208,-4.4716457E-5,2.2287945E-4,0.0016120558,9.879475E-4,7.253781E-4)
(464, 3.997493E-4,6.380758E-4,8.1267336E-4,-2.809566E-4,0.0013440421,-5.76715E-4,-0.0015533955,-8.530468E-4,6.205218E-5,3.1555103E-4)
(466, 0.0,0.0,0.0,0.0,0.0,0.0,0.0,0.0,0.0,0.0)
(471, 0.0,0.0,0.0,0.0,0.0,0.0,0.0,0.0,0.0,0.0)
(473, 0.0,0.0,0.0,0.0,0.0,0.0,0.0,0.0,0.0,0.0)
(479, -7.105944E-4,0.0011418104,-0.001050743,3.0080037E-4,-5.727487E-4,4.8136408E-4,2.849546E-4,-1.0352999E-4,-0.0011031582,-4.0775753E-4)
(480, -0.0020507122,9.4493525E-4,-0.0029291972,-0.0016656361,-0.004807262,-0.0018966558,8.399164E-5,-5.422629E-4,-0.0020373093,-0.0015360693)
(482, 0.0,0.0,0.0,0.0,0.0,0.0,0.0,0.0,0.0,0.0)
(487, 0.0,0.0,0.0,0.0,0.0,0.0,0.0,0.0,0.0,0.0)
(488, 0.0,0.0,0.0,0.0,0.0,0.0,0.0,0.0,0.0,0.0)
(489, 9.455462E-4,6.863501E-4,-1.2232714E-4,7.1838277E-4,-8.231772E-4,-0.0014835198,-6.2743615E-4,0.001789773,-6.2633236E-4,-8.040023E-5)
(496, -1.2564154,-0.15024422,2.5541425,-1.0862787,-0.05980034,0.044411507,1.1572055,1.8926176,0.92635345,1.3945211)
(497, 0.0015948263,2.0113116E-4,-0.0011364899,6.984459E-4,-5.377993E-4,6.2981894E-4,2.9972623E-4,-1.938114E-5,-1.05541885E-5,4.7654897E-4)
(503, 7.616959E-5,-1.2382928E-5,-5.110595E-5,-4.2910046E-6,-5.011484E-5,2.1757965E-5,1.3619604E-5,-4.4140866E-6,-2.806557E-5,-9.545021E-6)
(505, 0.003609383,-4.955382E-4,-0.0014907601,7.561693E-4,-4.1587304E-4,0.0017978862,5.999249E-4,-3.500072E-4,-7.1940554E-4,2.5074065E-4)
(508, -2.2148881E-4,-1.2700235E-4,1.7778756E-4,-5.4673647E-4,-2.2997025E-4,6.0056096E-5,1.2095841E-4,-4.4443936E-4,4.055852E-4,8.080968E-5)
(514, 3.2027258E-4,7.032096E-4,-5.1442074E-4,-2.819103E-4,-8.202573E-4,0.0020426246,-4.4694054E-4,-6.2211294E-4,8.648716E-4,0.0011425912)
(515, 9.904798E-5,4.469228E-5,8.594657E-5,1.0388974E-4,1.8471536E-4,-7.509774E-5,-1.2703869E-4,6.1643477E-6,9.584079E-5,7.98551E-5)
(521, 0.0018698736,5.769837E-4,-7.209027E-4,0.00112273,3.6238038E-4,0.001411071,-1.6109379E-4,-3.462435E-5,8.104364E-5,0.0010474244)
(523, 0.0,0.0,0.0,0.0,0.0,0.0,0.0,0.0,0.0,0.0)
(525, 0.001982725,-6.6189794E-4,-4.2126002E-4,-3.908938E-4,-5.5946055E-4,0.0010256689,5.339683E-4,-4.5529933E-4,2.530792E-4,2.2793363E-4)
(527, 7.2348025E-4,5.480695E-4,-5.9761904E-4,8.573589E-4,8.2860215E-6,8.2158606E-4,7.802003E-5,3.1559207E-4,1.1618468E-4,8.5177156E-4)
(531, 0.0,0.0,0.0,0.0,0.0,0.0,0.0,0.0,0.0,0.0)
(535, -3.950533,7.9171257,-6.369039,2.4197989,-1.140366,7.7788353,3.3385904,-2.1127243,-3.2652178,4.093119)
(537, 0.033761974,0.13395765,0.11000026,0.089087546,0.12863585,-0.003030946,0.0014005302,0.08515008,0.06742366,0.12687795)
(538, 0.057622287,0.12559292,0.081778474,0.08622013,0.10980499,-0.038700625,-0.030463466,0.0531016,0.07631008,0.11017922)
(548, 0.62667394,3.451954,-2.2191472,3.0294852,0.50907075,2.548528,2.107968,0.97227347,-0.29954,2.252658)
(549, 0.06865688,0.05804749,-0.0844238,0.035643436,-0.01262337,0.037068184,0.0324066,-0.087670036,-0.13894358,-0.063195646)
(551, -3.185314E-4,7.1852955E-5,-2.184403E-4,-3.5373072E-4,-6.560331E-4,-3.612694E-4,-1.4032837E-4,5.470061E-5,-3.7628418E-4,-3.0346104E-4)
(566, -0.0046647848,0.018073045,-0.016677795,-0.0035229907,-0.022242721,-0.015146726,-0.0059135547,-0.002286091,-0.011350855,1.1807352E-5)
(569, -1.0100939,2.6249223,-2.593007,-4.5782895,-4.0781384,-4.388265,-1.2981577,-4.656205,-1.5213604,-2.1449528)
(578, -1.628623E-4,-7.8275235E-4,0.0010702681,-0.0011489087,-3.694311E-5,-9.567205E-4,3.1024648E-4,-9.831733E-5,-8.345755E-5,-9.3574857E-4)
(583, -2.9623578,0.7892391,1.0934018,-4.020087,-4.040879,3.2797368,4.5180492,1.9810131,-0.76244146,1.7889353)
(587, 73.81914,29.922062,-116.48092,-1.7424914,-213.07968,-200.94713,16.521935,-13.553554,-219.03738,-212.24341)
(589, 0.0,0.0,0.0,0.0,0.0,0.0,0.0,0.0,0.0,0.0)
(590, 0.0,0.0,0.0,0.0,0.0,0.0,0.0,0.0,0.0,0.0)
(591, 0.0,0.0,0.0,0.0,0.0,0.0,0.0,0.0,0.0,0.0)
(592, -0.32396513,0.30371052,2.110357,1.0930631,1.1279569,0.5468084,0.9029773,2.937599,1.5286533,1.665298)
(593, -0.06636338,0.015235948,0.021076454,0.010364641,-0.21672578,-0.23628168,0.0020013337,0.34843832,0.008866361,-0.17461993)
(595, -0.021657255,0.0013271498,0.02473985,-0.011419224,-0.014869191,-0.012423102,0.0034952122,0.011119094,0.014102885,0.012917136)
(605, 2.707709E-4,-1.4653998E-4,8.309318E-4,-3.0287958E-4,6.973643E-4,-5.4491486E-4,-3.098174E-4,-1.7938578E-4,7.3348323E-4,3.8426323E-4)
(617, 0.0,0.0,0.0,0.0,0.0,0.0,0.0,0.0,0.0,0.0)
(619, -0.05010324,0.01111875,0.007515189,-0.081202045,-0.09548856,-0.12821804,0.009689127,0.016821358,0.0059592333,-0.013230565)
(620, -0.15324035,-0.13566095,0.3406297,-0.17831042,-0.057012007,-0.15832818,0.1564937,0.21769032,0.27868968,0.02091976)
(622, -0.05127,-0.0012672705,-0.0083103245,-0.055995338,-0.077436775,-0.032205347,0.01814747,0.0050732726,-0.027248625,-0.024622317)
(623, -1.9102513E-4,0.0012668059,-6.8695564E-4,2.8873546E-4,-6.989227E-5,9.998779E-4,-3.380656E-4,-5.0841033E-4,-9.459103E-4,7.7035214E-4)
(625, 1.6339972E-4,-3.0941606E-5,5.1340892E-5,-3.7933743E-5,7.556647E-5,5.0257364E-5,-6.902715E-5,-7.957393E-5,5.1475334E-5,5.367334E-5)
(628, 0.0,0.0,0.0,0.0,0.0,0.0,0.0,0.0,0.0,0.0)
(630, 0.0,0.0,0.0,0.0,0.0,0.0,0.0,0.0,0.0,0.0)
(632, -3.9053045E-4,2.4756748E-4,-2.6221247E-4,-1.9476829E-4,-3.550043E-4,-4.341249E-5,-1.00776255E-4,-1.0987207E-4,-2.0024013E-4,-2.3110948E-5)
(637, -0.050602764,0.06536263,-0.049538612,-0.017686859,-0.09286288,-0.01043634,0.017650245,0.006414097,-0.06115099,0.020835062)
(643, 3.2759774E-5,-7.161333E-4,0.00134314,-8.967541E-4,8.0298656E-4,-0.0012198233,-2.7090526E-4,-3.303871E-4,0.0016278899,-2.4763684E-5)
(644, -0.001554647,-0.0012973017,0.0034739564,-0.0011665421,0.0019453357,0.0014122835,0.0019738113,0.0015694399,0.0018485975,0.0015178022)
(645, -0.0017612627,0.0017377144,-0.0023547646,-0.001400639,-0.0045533553,6.717131E-4,0.0015118934,2.6571122E-4,-0.0038565411,-5.6351186E-4)
(648, -0.0021535459,-0.0029112666,0.0033991607,-0.004910779,-0.004177914,-0.004828927,9.00041E-5,-9.6855854E-4,0.0035592099,-0.002403467)
(649, -6.969744E-4,-0.004498624,0.0059923846,-0.0026900754,4.427469E-4,-0.0014816336,0.0023738763,0.0022157275,0.004578503,-0.0012498469)
(652, -0.0010869438,-6.036682E-4,0.0030798619,-9.5837977E-4,0.0015570892,-2.5988268E-4,8.036077E-4,0.0010630839,0.0010298816,4.4774378E-4)
(660, 0.0,0.0,0.0,0.0,0.0,0.0,0.0,0.0,0.0,0.0)
(664, 0.03279444,0.088982895,0.033004098,-0.080173165,-0.04326869,-0.043884844,-0.027731018,-0.059952695,-0.0585018,0.046946596)
(675, 0.0,0.0,0.0,0.0,0.0,0.0,0.0,0.0,0.0,0.0)
(676, -0.0039168824,-0.0031694928,0.0011668935,-0.013437624,-0.012540474,-0.012329447,8.590365E-4,-0.0046926346,0.0031917524,-0.0067398543)
(685, 8.231331E-5,4.0857736E-5,1.8352479E-5,1.3268762E-4,9.293102E-5,-3.545012E-5,-3.3321598E-6,9.450708E-6,3.1964062E-6,2.1439633E-5)
(689, -3.472338E-4,2.1717942E-4,-3.0522415E-4,-2.1215813E-4,-2.7911237E-4,6.5305136E-4,4.504322E-4,-2.849167E-4,-3.1716315E-4,9.075596E-5)
(690, 1.8659682E-4,1.0047977E-5,-8.475096E-5,1.2914288E-4,5.390771E-5,-1.2679855E-4,8.50527E-5,-8.373122E-5,1.5713742E-4,3.4675908E-5)
(691, -7.1091113,5.8427367,-1.2139133,-4.6434617,-8.739077,-0.7000866,1.7036916,-1.9004128,0.39961517,1.6393269)
(692, -0.024003295,-0.02099358,0.08841481,-0.0042455723,0.024502877,0.0011624116,-0.0063942764,0.035452787,0.09244568,0.020299276)
(702, 0.0,0.0,0.0,0.0,0.0,0.0,0.0,0.0,0.0,0.0)
(709, 0.0,0.0,0.0,0.0,0.0,0.0,0.0,0.0,0.0,0.0)
(712, 0.0,0.0,0.0,0.0,0.0,0.0,0.0,0.0,0.0,0.0)
(716, -5.5165245E-5,8.3096005E-5,-2.2181224E-4,-5.989563E-5,-2.0954236E-4,-2.3940178E-4,7.949805E-7,-8.6420725E-5,-4.996556E-5,-1.5885159E-4)
(720, -4.990445E-4,3.368002E-4,-8.980114E-4,-4.191693E-4,-0.0012879904,-2.450312E-4,-5.6552995E-5,-1.7113818E-4,-7.502767E-4,-4.1958498E-4)
(723, 0.0,0.0,0.0,0.0,0.0,0.0,0.0,0.0,0.0,0.0)
(731, 0.0011968899,-2.3141503E-4,-8.0222404E-4,1.1382417E-4,-4.5804627E-4,-2.6038612E-4,3.9895467E-4,-4.982718E-4,7.474712E-5,-2.7718933E-4)
(735, 0.0,0.0,0.0,0.0,0.0,0.0,0.0,0.0,0.0,0.0)
(736, 0.0,0.0,0.0,0.0,0.0,0.0,0.0,0.0,0.0,0.0)
(738, 0.0,0.0,0.0,0.0,0.0,0.0,0.0,0.0,0.0,0.0)
(752, 0.0,0.0,0.0,0.0,0.0,0.0,0.0,0.0,0.0,0.0)
(754, 109.437004,4.592773,-121.80447,48.133224,-55.997715,-135.1465,142.39162,-117.899315,133.3364,-60.061275)
(759, -0.18786867,-0.07523789,-0.20302655,-0.26794374,-0.56938595,-0.4485479,-0.06275752,0.06361529,-0.295677,-0.44359592)
(761, -0.004965877,0.009570304,-0.0046336865,-0.011347791,-0.026656924,0.014556107,0.025249613,0.011242511,-0.031049678,-0.002664153)
(762, 0.0,0.0,0.0,0.0,0.0,0.0,0.0,0.0,0.0,0.0)
(767, -0.01502336,-0.0015574521,0.019611875,-0.016121885,-0.0010934753,-0.008576243,-0.0067578754,-0.0044289017,0.019580243,0.006110807)
(769, -0.70729154,0.040917933,0.56231153,-1.121919,-0.9118248,-0.6354498,0.10737547,0.056799002,0.33645076,-0.31965718)
(775, -2.9063432,-1.4557443,10.114887,-0.45950872,1.7636472,-0.74068934,-2.5660036,3.6948225,11.245875,2.3172054)
(778, 30.241718,6.343928,7.6797733,-0.062410627,0.6378416,-2.2986715,8.255282,-7.756187,10.5485735,3.0490732)
(780, 5.6617806E-4,4.1389354E-5,2.1991995E-4,2.3856503E-6,2.118535E-4,7.2149327E-4,-6.877547E-5,1.795608E-4,4.8665836E-4,7.019871E-4)
(793, 0.0,0.0,0.0,0.0,0.0,0.0,0.0,0.0,0.0,0.0)
(795, -1.9321946E-5,-1.6753918E-5,2.8589784E-5,-3.2008164E-5,-9.629004E-6,9.903199E-6,-4.594952E-6,-1.1239638E-5,1.529641E-5,-1.929352E-6)
(799, -0.012022435,-0.008360204,0.015970483,-0.01670992,-0.011453794,-0.010265667,2.2685571E-4,0.0022985295,0.014330793,-0.002652103)
(804, -0.040168837,0.05208984,-0.07255712,0.02508041,-0.070643134,0.03450396,0.008148741,0.053207237,-0.051773142,-0.010593739)
(805, -5.123903E-4,1.3134499E-4,-6.9712754E-4,-4.368156E-4,-0.0012553765,-4.7116698E-4,1.9300502E-5,-5.9870017E-5,-5.7663186E-4,-4.982336E-4)
(810, -0.01599706,-0.0012022275,0.026394792,-0.007207948,0.0011598163,0.0016937603,0.014407128,0.02274523,0.011632759,0.015979383)
(811, -0.10450389,-0.0125797875,0.26976532,-0.07915982,0.03240553,0.03757727,0.1210136,0.20115867,0.07676139,0.18046576)
(814, 4.284871E-4,0.0013035382,-0.0010620573,0.0012355585,-2.2931457E-4,7.799815E-4,-4.2537333E-5,6.0837064E-4,-9.604525E-4,3.8873055E-4)
(816, -0.039722685,0.009729061,0.01264556,-0.02920085,-0.070374995,-0.043108847,0.0050970362,7.200886E-4,0.04533808,-0.01060309)
(821, 4.820818E-6,-7.9344894E-4,6.0810684E-4,-0.0010261711,-1.12180925E-4,-6.181631E-4,3.8770845E-4,-2.965319E-4,2.4112326E-4,-5.29333E-4)
(822, -0.0031855917,0.004114085,0.002656292,-0.0080613475,-0.013103283,-0.017657207,-0.0040041045,-0.0067609623,-0.005661524,-0.0045540147)
(826, -1.8553785E-4,0.0040847016,0.0044801035,0.0056995917,0.005641352,0.005648352,-0.0012860879,0.0053644083,0.00888018,0.004121169)
(828, -1.4925334,-1.2480947,1.6342397,-3.3498626,-1.2169838,-2.236506,-0.88822204,-1.9005444,1.1778374,-0.8709511)
(840, -1.994149E-4,0.0017396008,-0.001273418,9.5228374E-4,6.0502713E-4,0.0012927265,-4.977233E-4,1.5463434E-4,-7.097986E-4,3.2508542E-4)
(843, 9.023417E-4,-1.2388032E-4,-3.727018E-4,1.8903753E-4,-1.0398214E-4,4.494656E-4,1.4997706E-4,-8.750864E-5,-1.7986046E-4,6.267777E-5)
(848, 0.0,0.0,0.0,0.0,0.0,0.0,0.0,0.0,0.0,0.0)
(849, -0.025451917,0.041328136,0.010622147,0.026740748,0.015846308,0.027078083,0.0021474632,0.042309515,-0.0064957747,0.038927723)
(856, 0.00606943,-0.005277151,0.02183858,-0.0046837693,0.018008245,3.7173208E-4,-0.010731642,0.0015199671,0.019268474,-7.970439E-4)
(868, 0.008725793,0.0053258855,0.014973965,-0.0014596143,0.015787074,0.004283975,-0.02034919,0.0012169323,0.02375669,0.0035988863)
(870, 0.0,0.0,0.0,0.0,0.0,0.0,0.0,0.0,0.0,0.0)
(872, -2.093841E-4,1.1536596E-4,-3.0362236E-4,-1.9655009E-4,-2.7989005E-4,3.0441585E-4,3.4849514E-4,-2.794671E-4,-2.7876394E-4,-6.623852E-5)
(885, 0.0,0.0,0.0,0.0,0.0,0.0,0.0,0.0,0.0,0.0)
(886, 0.0,0.0,0.0,0.0,0.0,0.0,0.0,0.0,0.0,0.0)
(888, 0.0,0.0,0.0,0.0,0.0,0.0,0.0,0.0,0.0,0.0)
(896, 0.0,0.0,0.0,0.0,0.0,0.0,0.0,0.0,0.0,0.0)
(899, 0.0,0.0,0.0,0.0,0.0,0.0,0.0,0.0,0.0,0.0)
(900, 0.0,0.0,0.0,0.0,0.0,0.0,0.0,0.0,0.0,0.0)
(906, 0.0,0.0,0.0,0.0,0.0,0.0,0.0,0.0,0.0,0.0)
(908, 0.0,0.0,0.0,0.0,0.0,0.0,0.0,0.0,0.0,0.0)
(910, 0.0,0.0,0.0,0.0,0.0,0.0,0.0,0.0,0.0,0.0)
(926, 8.165099E-4,1.0068402E-5,9.4696756E-5,3.6822542E-4,5.417793E-4,-8.0259447E-4,-1.5049941E-4,-5.019458E-4,7.3755695E-4,1.5983912E-4)
(928, 0.0,0.0,0.0,0.0,0.0,0.0,0.0,0.0,0.0,0.0)
(932, -0.104871936,0.28604668,-0.45012388,-0.25446284,-0.62083507,-0.016975883,0.20566489,-0.2171931,-0.37140962,-0.16024454)
(934, -0.007194611,0.0069055706,-0.0041585676,-0.0024373478,-0.008530496,0.0015041349,0.0024933252,0.003083116,-0.0053184615,0.0023816011)
(935, 0.0019553443,0.0051279594,0.0068492587,-0.005788873,0.009311069,9.0011535E-4,-0.010264002,-0.007546459,0.004164816,0.0010078612)
(936, 4.8352306E-4,0.0014594364,0.011272277,0.004640038,0.007855388,0.0046034516,-0.004153521,0.007531884,0.01343367,0.004549709)
(938, 0.034667544,0.051319156,0.0076308683,0.028328462,0.0382288,-0.0057294536,-0.05088674,-1.17022675E-4,0.052213863,0.025677333)
(943, -7.391138E-4,-7.0470327E-4,0.0027308166,-7.407264E-4,0.0012106148,5.895694E-4,7.450032E-4,0.001085956,0.0011105698,8.3538593E-4)
(945, -1.8783004E-4,6.8191154E-4,-1.9782122E-4,4.185901E-4,8.4215986E-5,5.37634E-4,-3.5459284E-6,6.448865E-7,-3.5068797E-4,5.6840805E-4)
(949, 1.3748233E-4,7.1427276E-5,3.455453E-5,1.9617903E-4,2.2425794E-4,1.9210429E-4,-1.9355219E-5,7.8289326E-5,5.6965768E-5,1.5182701E-4)
(952, -0.002248718,0.0024552988,-0.0029224912,-0.006294886,-0.00881121,-8.17039E-4,0.0035050737,-0.0030668695,-0.005673022,-4.982367E-4)
(959, 0.0018213679,-5.8158877E-4,0.0010967623,2.0668862E-4,7.648301E-4,-6.2131137E-4,5.288027E-5,9.2838093E-4,0.0012426819,4.7607505E-4)
(961, -1.0495104E-4,5.648542E-4,3.3252334E-4,9.0575963E-4,7.2376215E-4,3.9756604E-4,-3.487568E-4,6.7344104E-4,2.9355325E-4,5.5630127E-4)
(962, 1.244067E-4,-5.14802E-4,-4.7355652E-4,-0.0011943876,-0.001243056,-0.002192006,-2.032819E-4,-0.0012276041,3.659335E-4,-0.0013900435)
(966, 7.026875E-5,1.2082328E-5,-4.1179246E-5,1.0835768E-4,8.5140506E-5,5.286831E-5,7.757204E-5,4.6116176E-5,1.1446924E-4,4.5659788E-5)
(967, 1.1146974E-5,-1.550201E-5,-1.1380244E-4,-7.718435E-5,-1.0529727E-4,-2.0181928E-5,1.041707E-4,-1.2771398E-4,-6.5836466E-5,-1.0548288E-4)
(971, 0.0029170197,5.0921337E-4,-7.4850663E-4,0.0016087278,8.6740096E-4,9.2384743E-4,6.779066E-4,-2.6023792E-4,3.306614E-4,2.8278935E-4)
(974, 0.0,0.0,0.0,0.0,0.0,0.0,0.0,0.0,0.0,0.0)
(975, -0.002306719,-1.1740255E-4,6.6474517E-4,-0.0026317802,-0.0023269418,-0.0024379368,-4.3444114E-5,-1.4304844E-4,-2.7459647E-4,-6.7851983E-4)
(978, 0.0,0.0,0.0,0.0,0.0,0.0,0.0,0.0,0.0,0.0)
(990, -2.59951E-4,-5.7891288E-5,6.31657E-4,3.4019357E-4,6.1934907E-4,0.0013150036,4.8409158E-4,8.171316E-4,7.4643095E-4,-6.7174583E-6)
(992, 26.271175,42.221325,-58.567173,-18.638445,-28.60302,81.344086,84.71423,-125.337204,-212.59805,-92.21147)
(993, 6.32261E-4,1.284048E-4,-2.580519E-4,5.7071773E-4,-2.4428236E-4,-0.0011459782,-5.800026E-4,4.153195E-4,-3.7842296E-4,-7.2353194E-4)
(995, 0.23935512,1.7518095,-0.033134177,1.6826668,0.29274744,-0.11441914,-0.5196629,1.5399238,0.31900746,1.024551)
(997, -0.0011647851,3.021384E-4,0.0010224466,-0.0011008292,1.2058883E-4,2.8669636E-4,1.6996219E-6,-7.8596675E-4,6.662011E-4,4.687035E-4)
(1001, 0.004129359,0.001877866,0.012798592,-0.008791621,0.007813181,-0.0032721595,-0.016355112,-0.006592915,0.014937631,-0.0033492988)
(1002, -2.0618789E-4,6.478833E-5,8.095469E-5,-1.5326512E-4,-1.5584714E-4,-2.511964E-4,-1.454508E-4,1.1532305E-5,-9.3947565E-5,-5.1886494E-5)
(1005, 0.0048379363,0.0071166097,0.0072531924,0.012291588,0.015243556,0.005038384,-0.0071330187,0.013100192,0.01603656,9.124054E-5)
(1010, 0.0,0.0,0.0,0.0,0.0,0.0,0.0,0.0,0.0,0.0)
(1011, 6.625754E-5,1.1168651E-4,1.0068471E-4,1.6986529E-4,1.7300909E-4,7.2921765E-5,-3.7329344E-5,4.6568955E-5,-2.6679916E-5,1.8270743E-4)
(1012, -0.0016664502,5.394809E-5,-5.698574E-4,-0.002325961,-0.0024283694,-0.0015252596,-4.485629E-4,-7.784502E-4,-8.048001E-4,-0.0010941252)
(1015, 2.9477512E-4,-7.4404954E-5,-7.968916E-5,9.936061E-6,-1.3236936E-5,-1.593761E-4,7.725514E-5,-1.6521962E-4,1.6709806E-4,-7.039226E-6)
(1018, -0.0016582973,0.0026719721,-0.003771042,-0.0014567096,-0.0050464757,2.3903356E-4,-8.6975924E-5,-0.0017821325,-0.0063149356,-0.0028428226)
(1024, 0.0,0.0,0.0,0.0,0.0,0.0,0.0,0.0,0.0,0.0)
(1032, 0.0,0.0,0.0,0.0,0.0,0.0,0.0,0.0,0.0,0.0)
(1035, -0.006682683,0.0017978079,-0.004521286,-0.0027995897,-0.009947509,-1.4531058E-4,0.0032219838,0.004600972,-0.0055398033,-0.0027689377)
(1038, -3.1251425E-4,2.1000764E-4,-2.5459166E-4,-2.1463096E-4,-3.4068013E-4,-2.4817547E-5,-9.024252E-5,-1.3271607E-4,-2.0465124E-4,-3.553019E-5)
(1040, 7.026719E-5,1.2082605E-5,-4.118206E-5,1.0835518E-4,8.513602E-5,5.2865907E-5,7.757123E-5,4.61141E-5,1.1446648E-4,4.565673E-5)
(1044, -0.0092716245,0.024460929,-0.032363072,-0.012990971,-0.055673365,-0.04366777,-0.00664498,-0.00661963,-0.030879125,-0.027444363)
(1045, 9.862832E-4,-0.0014579245,-0.0014192254,-0.0025489999,-0.0049852226,-0.0038750896,8.356129E-4,7.1841193E-4,-7.135075E-4,-0.0024782186)
