(4, 0.0,0.0,0.0,0.0,0.0,0.0,0.0,0.0,0.0,0.0)
(10, -9.643957E-4,-5.144037E-4,3.9371726E-4,-0.0014782816,-0.0015982084,-0.0017240319,-4.535216E-4,-3.5657926E-4,3.4911127E-4,-7.9093385E-4)
(17, -2.198743E-4,1.11677895E-4,-0.0010687108,-1.3736691E-4,-0.0015833598,-9.0125744E-4,1.6786206E-4,1.1534404E-4,-4.3896757E-4,-7.18761E-4)
(32, -8.429718E-4,9.920436E-4,4.843474E-5,-8.597136E-6,-1.1112923E-4,-8.552721E-5,-8.740627E-4,-3.4313445E-4,5.614804E-4,7.323694E-4)
(37, -0.04397167,-7.272772E-5,0.010101806,-0.031552747,-0.039030924,0.010604556,0.061152156,0.041349463,-0.013366304,-0.0031611598)
(41, -0.43203402,-0.19192478,0.57950586,-0.59321374,-0.12658049,-0.27968997,-0.10625253,-0.10331767,0.39053136,2.1017622E-4)
(45, -1.1159985E-4,-0.0012482092,0.0014428238,-0.0017011389,-9.164658E-5,-0.0013978028,-2.5222416E-4,-5.732383E-4,0.001605933,-7.457298E-4)
(49, -0.122411825,0.010613938,0.009659442,-0.1439439,-0.17506917,-0.07506332,0.055864472,0.06112025,-0.066440254,-0.052935146)
(55, 0.0015514126,9.681042E-4,-9.279042E-4,0.0015316496,1.12967675E-4,-8.9835434E-4,-4.6902473E-4,5.055641E-4,5.165675E-4,3.7195435E-4)
(58, 0.0,0.0,0.0,0.0,0.0,0.0,0.0,0.0,0.0,0.0)
(64, -0.030050531,0.044298954,-0.006161875,0.011577957,-0.016230198,0.007152655,0.0151051525,0.025608363,-0.028975336,0.009757158)
(70, 0.0,0.0,0.0,0.0,0.0,0.0,0.0,0.0,0.0,0.0)
(71, 2.4622213E-4,-1.4363715E-4,7.1180565E-4,4.30937E-4,6.8938406E-4,-2.0309852E-4,3.0968155E-4,0.0011810022,6.8713684E-4,2.1118285E-4)
(81, 0.0,0.0,0.0,0.0,0.0,0.0,0.0,0.0,0.0,0.0)
(88, 0.0,0.0,0.0,0.0,0.0,0.0,0.0,0.0,0.0,0.0)
(89, 0.0,0.0,0.0,0.0,0.0,0.0,0.0,0.0,0.0,0.0)
(92, 0.0,0.0,0.0,0.0,0.0,0.0,0.0,0.0,0.0,0.0)
(94, -3.1976265E-4,1.9503794E-4,-3.4528752E-4,-2.0804621E-4,-4.1556283E-4,-8.539869E-5,2.3258445E-4,-2.9356146E-4,-2.2712993E-4,-1.5068789E-4)
(95, -0.002075466,0.0010836462,-6.27016E-4,-8.4947876E-4,-0.0015598708,4.6128468E-4,4.6780182E-4,2.9634187E-4,-0.0018334576,-2.4321034E-4)
(96, -6.25896E-5,-2.1419624E-5,1.16281415E-4,1.0395977E-4,6.5027684E-6,-2.7362577E-4,-1.9616265E-4,3.950736E-4,-6.246701E-5,-2.288049E-4)
(99, 0.0,0.0,0.0,0.0,0.0,0.0,0.0,0.0,0.0,0.0)
(108, 0.0,0.0,0.0,0.0,0.0,0.0,0.0,0.0,0.0,0.0)
(112, -4.1169437E-4,2.7945694E-5,-7.346933E-4,-5.988445E-4,-0.001334107,-5.9442566E-4,-2.0006979E-5,-1.8386968E-4,-5.681306E-4,-6.264964E-4)
(115, -0.0012408888,0.001393611,-9.0212486E-4,-1.0847976E-4,-0.0013727156,3.99766E-4,-4.8866E-4,-2.0705545E-4,-0.0013859054,-9.667178E-5)
(117, -0.0043520317,0.009238627,0.0020856534,-0.0073827133,0.0026711135,-4.1635806E-4,-0.007149742,-0.015892096,-0.0031998819,0.008996144)
(118, -0.0050804997,0.007842594,0.0013877142,-0.0069048814,0.0010629569,4.708109E-4,-0.0055584456,-0.01295062,-0.0037969234,0.007096338)
(119, -6.27339E-4,2.660701E-4,-5.1762734E-4,3.286946E-6,-0.0011265485,-5.355762E-4,-5.511498E-5,5.2068685E-4,-5.304878E-4,-3.721066E-4)
(128, 4.6653236E-5,1.17824075E-5,1.03922386E-4,1.2601801E-4,1.8631972E-4,3.3138193E-5,-2.7764067E-5,1.1948762E-4,6.534126E-5,5.564649E-5)
(131, -4.42635E-4,4.7629816E-4,-4.931439E-4,-3.3599022E-4,-5.1088963E-4,2.7895547E-4,-1.6509891E-4,-3.2297973E-4,-5.0980865E-4,4.741186E-5)
(135, 7.025658E-4,-2.0889853E-4,-2.2660739E-4,-4.375733E-4,-4.5473827E-4,-6.0900673E-4,-4.3003488E-4,-3.5035226E-4,-1.7921213E-4,-4.5682158E-4)
(139, -9.737091E-4,0.0013051952,0.0011293537,6.318786E-4,8.796515E-4,-0.0010915241,-6.906114E-5,0.0011028934,0.0012133151,0.0014592329)
(142, 0.0,0.0,0.0,0.0,0.0,0.0,0.0,0.0,0.0,0.0)
(145, 1.5961191E-6,2.5685593E-5,3.2021297E-5,1.1028863E-4,7.1184586E-5,1.0641146E-4,2.3183584E-5,9.510672E-5,1.9186007E-5,5.407933E-5)
(147, -0.0016677344,-2.8508497E-4,0.0025096172,-0.0010457486,0.0012334014,7.198879E-4,0.0013706645,5.921172E-4,0.0022413414,0.0016327774)
(149, -0.016649604,0.048112784,-0.027518399,0.025036624,-0.00262417,0.04352854,0.009788391,0.019818548,-0.024626503,0.024070177)
(158, 0.0,0.0,0.0,0.0,0.0,0.0,0.0,0.0,0.0,0.0)
(168, 1.5017402E-4,1.3440326E-4,2.8307008E-4,5.598322E-4,5.7289103E-4,3.0069483E-5,-2.4289712E-4,4.7188284E-4,1.2039655E-4,1.2775547E-4)
(171, -19.99586,1.1772565,-10.279557,-27.94793,-41.912086,-3.3046694,11.931693,-3.107927,-20.870108,-16.31368)
(176, -0.053674646,0.047324046,-0.057634745,-0.013859241,-0.10390524,-0.05423411,-0.005960801,0.027383953,-0.059549075,-0.037538458)
(180, -2.1479484E-5,8.994227E-5,-2.2349084E-5,1.6522645E-4,7.358209E-5,1.9188169E-4,1.5721376E-5,1.445798E-4,-2.8884235E-5,8.415771E-5)
(181, 0.0,0.0,0.0,0.0,0.0,0.0,0.0,0.0,0.0,0.0)
(184, -0.0041609523,0.003973136,-0.0016338488,-0.0019033351,-0.008452001,-0.0044743163,0.0017378608,0.0053150663,-0.002574921,0.0029173244)
(186, 0.0,0.0,0.0,0.0,0.0,0.0,0.0,0.0,0.0,0.0)
(189, 0.019456442,0.6008114,-0.53613824,0.1791374,-0.68878305,-0.33666617,0.64694536,-0.08624279,-0.23798135,0.06883913)
(200, 0.39954215,1.2080674,-0.39872357,0.8291461,-0.050673187,-0.44967872,0.09198424,0.08810316,0.4655915,0.1965098)
(201, -0.2054985,1.789328,-0.72784823,0.35243732,-1.533469,-0.662702,0.28682503,-0.37851733,0.6382598,-0.5617846)
(202, -0.001362883,0.002825177,-1.4005524E-4,-3.687369E-4,-0.0023043747,0.0010445567,0.0017466937,0.0020566212,-0.0016553925,0.0011032608)
(206, 1.8770917E-4,-3.0052463E-5,9.7394426E-4,-8.4091624E-4,4.47993E-4,-3.4760087E-5,-3.5752766E-4,-3.6556163E-4,2.2708657E-4,3.3714855E-4)
(208, -2.2323673,-5.703327,5.7095423,-13.626404,-7.479357,-9.485671,1.3703929,-1.6117108,2.6512213,-5.046048)
(221, 3.8266575E-4,0.0043885857,-0.0026236705,0.004500335,-6.210222E-4,0.0010350001,-1.2999763E-4,0.0015941841,1.3794815E-4,0.0021185756)
(227, -0.010658177,-0.0066887722,0.012794337,-0.014062336,-0.004383996,-0.0058896746,0.004275754,0.0042757634,0.0026703847,-0.0044245543)
(229, -0.0011674102,-8.875008E-4,-0.0021537996,-0.004978132,-0.006252963,-0.0035038944,-6.5949396E-4,-0.001499584,-0.0018981666,-0.0036690745)
(231, -0.002241722,0.0029417959,-0.004446119,-0.0029442273,-0.0051216953,-0.0025165319,-0.0014675716,-0.0031150728,-0.0043300856,-0.0030102537)
(234, -6.829636E-4,-4.8949406E-4,-3.3273725E-4,-0.0018623362,-0.0021300365,-0.0021257245,-4.925037E-4,-0.0010995574,-3.762329E-7,-0.0011802238)
(237, -0.1919573,0.24454203,-0.09113922,-0.11322288,-0.14906755,-0.11690619,-0.09339226,-0.16184834,-0.05869958,0.12839185)
(242, 0.0,0.0,0.0,0.0,0.0,0.0,0.0,0.0,0.0,0.0)
(246, -0.019064184,-0.0031095417,0.026652679,0.001452583,3.765465E-4,0.007211479,-0.0012676809,0.013984257,0.030592898,0.011384837)
(247, -41.946503,-213.01047,405.86502,-112.22561,222.545,26.434063,174.5296,159.6143,245.90807,126.293205)
(259, -7.066442E-4,-0.006603621,0.0057132347,-0.02125708,-0.021401534,-0.027301546,0.0045333277,-4.5962E-4,-0.01383658,-0.026927695)
(260, -234.59123,241.59024,-200.69312,-75.390076,-283.70334,34.236217,-4.1203103,-34.925377,-179.67589,48.657143)
(263, 0.16692239,0.110947125,0.1086258,0.2114603,0.24071768,-0.025268117,-0.027865563,0.078560814,0.08166971,0.17043139)
(275, -1.730502E-6,1.1939329E-5,3.1992717E-5,7.9346704E-5,5.5320244E-5,8.183488E-5,8.399746E-6,8.190289E-5,2.7143857E-5,3.1572945E-5)
(276, -0.031866435,0.018293094,-0.037581738,-0.016985131,-0.060191292,-0.013603483,-4.8141592E-4,-0.005249174,-0.02765317,-0.0139277745)
(278, -1.1683577E-4,-4.3280772E-4,8.489249E-4,-2.1741602E-4,4.7708873E-4,8.411401E-5,3.6065726E-4,3.282991E-4,4.9918285E-4,2.7720354E-4)
(280, -0.04991221,0.1018572,-0.17737865,-0.26141596,-0.21645518,-0.21913795,0.086526945,-0.19984841,0.011542907,-0.1373055)
(281, -30.34939,-34.717613,49.58356,-53.386894,-29.063875,-19.775217,39.032314,25.83731,20.810303,1.8746076)
(282, -1.5401777,-1.0901065,1.3074133,-2.5641522,-2.7526536,-1.0508586,2.0421238,1.0985489,0.023501633,-0.13572514)
(284, 7.481201E-6,-1.3570327E-4,-2.7424516E-4,-3.2516365E-4,-5.7016365E-4,-4.7452998E-4,-1.4354523E-4,-8.092204E-5,-2.5952415E-4,-4.9312424E-4)
(288, -33.65308,13.792694,-29.130552,-21.437357,-61.68247,-23.527262,-1.7323472,2.1635458,-35.27495,-19.392384)
(295, 0.0112337945,-0.0017952389,0.021418825,0.006073487,0.02416004,0.0065659727,-0.012609093,0.010684518,0.016945545,-0.003292806)
(309, 2.2182034E-4,-9.70877E-4,-0.0013839585,-0.0023813962,-0.0037942615,-0.0018434237,7.0880016E-4,-6.337973E-4,-9.3428703E-4,-0.0015850269)
(316, -0.022791943,0.048257243,-0.14759804,-0.13270453,-0.3037497,-0.06314641,0.048133235,-0.06421202,-0.24162184,-0.13336143)
(318, 0.0,0.0,0.0,0.0,0.0,0.0,0.0,0.0,0.0,0.0)
(321, 9.0176595E-4,0.0032099483,-0.0027907079,0.0031366143,0.0012236635,0.00742241,0.0028195553,0.0010102105,-0.0034103298,0.0018730141)
(322, -6.937679E-4,0.0027989424,-0.001277018,0.0015137948,2.0194532E-4,0.0025930402,6.070192E-4,1.7257928E-4,-0.0011322503,0.0019569744)
(323, -0.015037572,0.09064188,-0.06252799,0.048697088,-0.0420655,-0.022933722,0.03324465,0.0077224234,-0.041961912,0.0056492803)
(331, -6.323766E-5,6.860059E-5,-1.859269E-5,5.655956E-5,1.2316629E-5,6.651948E-5,-9.604222E-6,4.2424475E-5,-2.3613156E-5,3.4484256E-5)
(332, -0.0014043354,-0.00290273,0.006492275,-0.0016409131,0.003686022,0.0013591653,0.0034942029,0.0027492333,0.003077729,0.0020243824)
(338, 0.0,0.0,0.0,0.0,0.0,0.0,0.0,0.0,0.0,0.0)
(341, -0.0011252052,0.0064335135,0.028073626,0.0039520506,0.015145306,-0.01018457,-0.02301187,0.009987143,0.046006758,0.008641123)
(346, 0.0,0.0,0.0,0.0,0.0,0.0,0.0,0.0,0.0,0.0)
(348, 0.0,0.0,0.0,0.0,0.0,0.0,0.0,0.0,0.0,0.0)
(349, 0.0,0.0,0.0,0.0,0.0,0.0,0.0,0.0,0.0,0.0)
(350, 0.0,0.0,0.0,0.0,0.0,0.0,0.0,0.0,0.0,0.0)
(354, -0.009303432,0.013455654,-0.008293287,-0.012570688,-0.014040549,-0.009922857,-0.0051002614,-0.015861945,-0.004549424,-0.0019718339)
(366, 4.242528E-5,1.2876032E-4,-7.094386E-5,1.3816744E-4,7.859539E-5,1.6863464E-4,-1.0646808E-5,2.7200711E-5,4.420354E-6,1.4722002E-4)
(368, -0.009719321,0.025820918,-0.00954196,0.0026536344,-0.023802212,-0.0130831385,-0.0010635122,0.009732413,-0.019668045,0.0017559902)
(372, -0.0022719654,-6.248412E-4,0.0030497243,-0.0024172526,4.6899394E-4,-0.0010583259,6.244587E-4,-5.8223384E-5,0.0020189814,4.8848067E-4)
(374, -1.6524234E-4,3.3152546E-4,-1.2388379E-4,1.9662424E-4,5.3226373E-5,2.8712914E-4,-6.396957E-5,6.647932E-5,-4.247804E-5,3.0083436E-4)
(377, 0.0,0.0,0.0,0.0,0.0,0.0,0.0,0.0,0.0,0.0)
(378, -0.0012309441,0.004365683,-0.0044976776,0.0029109276,-0.0010029922,0.0031514687,-7.7511097E-4,0.0018285199,-0.0016461562,7.5182435E-4)
(380, -0.010938915,0.014714655,-0.017378533,-0.0073509756,-0.023049083,-0.0077635706,-0.0025744038,-0.0057432777,-0.011858747,-0.003804279)
(381, -0.101245165,0.11429866,-0.111861214,-0.018752266,-0.101347096,0.022670565,0.0066988626,-0.040498517,-0.05964191,0.022502165)
(382, -5.833622E-5,-8.2403276E-4,0.0013006524,-1.8619391E-4,7.269657E-4,1.4990252E-4,9.543109E-4,7.2793214E-4,4.1412128E-4,-3.4349778E-5)
(383, 0.0,0.0,0.0,0.0,0.0,0.0,0.0,0.0,0.0,0.0)
(385, -5.097546E-4,-2.7348354E-4,-6.9699694E-5,-7.5171713E-4,-9.366498E-4,-3.5590978E-4,3.6632494E-4,1.2932351E-4,-1.7513208E-4,-3.0048273E-4)
(391, -9.2193787E-4,-7.5401965E-4,0.0020582168,-9.490254E-4,7.633139E-4,-0.0011072326,6.398607E-4,4.1873005E-4,0.002969235,3.082748E-4)
(392, 0.0,0.0,0.0,0.0,0.0,0.0,0.0,0.0,0.0,0.0)
(393, 2.164929E-4,1.2570573E-4,1.8226131E-4,3.545027E-4,3.3997378E-4,2.7156459E-5,-1.2844607E-4,1.9495291E-4,-4.5709567E-5,1.726825E-4)
(395, 0.0,0.0,0.0,0.0,0.0,0.0,0.0,0.0,0.0,0.0)
(410, -9.2500146E-4,-8.251611E-5,0.0024213588,-2.2770959E-4,-9.88394E-4,-0.0022167868,-5.690629E-4,4.083432E-5,0.0028738382,4.5230516E-4)
(411, -0.32651755,-0.32699388,0.5101121,-0.48279354,-0.24258836,-0.47756353,0.085971296,0.1697731,0.27321362,-0.053058077)
(412, 0.0,0.0,0.0,0.0,0.0,0.0,0.0,0.0,0.0,0.0)
(413, -0.6174928,0.028761677,-0.21206945,-0.58610636,-1.3988346,-1.7756513,0.20362662,0.27139193,0.26654455,-0.3443563)
(416, -2.455862E-4,0.0018317674,-0.0027653647,-0.0011205244,-0.0038056497,-0.0037662846,-0.0010514522,-0.0014029882,-0.00133486,-0.0010635438)
(419, -0.034802597,0.04022346,-0.034250982,-0.0278948,-0.111004725,-0.070664614,8.998729E-4,0.021961454,-0.031508896,0.0013246492)
(421, -0.1374742,0.0021232243,-0.06889476,-0.38667002,-0.47715256,-0.41295835,0.00511811,-0.2054363,-0.023080409,-0.21448381)
(430, 3.4729275E-4,-4.576111E-4,5.070575E-4,-1.1860955E-4,4.2270176E-4,-2.2567848E-4,4.925598E-4,3.914963E-5,7.203339E-4,1.4188093E-4)
(439, 0.0,0.0,0.0,0.0,0.0,0.0,0.0,0.0,0.0,0.0)
(444, 0.0,0.0,0.0,0.0,0.0,0.0,0.0,0.0,0.0,0.0)
(446, -0.0063334,0.006066655,-0.0035323547,1.0340825E-4,-0.0058403476,-4.4429334E-4,0.004226655,8.681931E-4,-0.0023117187,0.0010597939)
(451, 1.8659563E-4,1.0049603E-5,-8.4753214E-5,1.2914366E-4,5.3905856E-5,-1.2679747E-4,8.505259E-5,-8.3730854E-5,1.5713523E-4,3.467556E-5)
(458, 0.0,0.0,0.0,0.0,0.0,0.0,0.0,0.0,0.0,0.0)
(461, 0.0,0.0,0.0,0.0,0.0,0.0,0.0,0.0,0.0,0.0)
(463, -0.0011117158,0.00205763,-0.0014098447,0.001025767,-2.32278E-5,0.002404787,5.109321E-4,1.887016E-4,-7.852886E-4,0.0012936164)
(468, 0.0,0.0,0.0,0.0,0.0,0.0,0.0,0.0,0.0,0.0)
(472, 0.0,0.0,0.0,0.0,0.0,0.0,0.0,0.0,0.0,0.0)
(485, 0.0,0.0,0.0,0.0,0.0,0.0,0.0,0.0,0.0,0.0)
(494, -7.40028E-4,5.093348E-4,0.0016520448,-3.3686482E-4,0.0012061846,9.968205E-4,-7.78984E-4,-2.5196938E-4,0.0013096764,0.001466206)
(501, 0.0013251655,-2.8067856E-4,-8.754278E-4,-3.7016463E-4,-8.2009996E-4,9.971132E-4,5.615817E-4,-7.9017883E-4,-3.3273047E-4,-2.843238E-5)
(502, -4.1964257E-5,-2.6059399E-5,7.319374E-5,-2.07582E-5,2.202897E-5,2.7745074E-5,-2.451292E-5,3.3266173E-5,6.695194E-5,2.3834377E-7)
(506, 0.0026040832,-3.449646E-4,-0.001035212,5.730108E-4,-4.1403848E-4,0.0011446591,4.261871E-4,-1.1588987E-4,-4.77221E-4,2.8016523E-4)
(512, 6.6256915E-5,1.1169233E-4,1.0068052E-4,1.69871E-4,1.7300998E-4,7.292658E-5,-3.733072E-5,4.657027E-5,-2.6682103E-5,1.827109E-4)
(513, 0.001688535,-3.6603477E-4,-0.0011059357,-4.8679E-4,-0.0011312792,-3.9474087E-4,5.0405244E-5,-0.0010762592,-4.504569E-5,-4.6250183E-4)
(518, 4.87583E-6,-8.961524E-5,1.3465677E-4,-2.83408E-4,-5.344411E-5,-1.1767844E-4,-1.3032838E-4,-2.815834E-4,7.9830264E-5,-5.4014938E-5)
(519, 0.016406748,-0.002435129,-0.0082113,0.0020194834,-0.0045005255,0.0058300146,0.0025522136,-0.0027834473,-0.0031976043,-8.269007E-5)
(532, -0.6990433,0.6131772,-0.67260873,-0.6914348,-2.0977216,-1.2703502,-0.10662391,0.008900861,-0.7315625,-0.3103612)
(536, -0.026307726,-0.0016659324,0.06733477,0.010479004,-0.039593343,-0.024971263,0.009322891,0.03883859,0.1331362,0.008891874)
(539, 0.072174594,0.12949012,-0.23476487,-0.114989266,-0.3436852,-0.22556576,-0.011088097,-0.06292221,-0.08210048,-0.16706616)
(540, -0.47914514,-1.167701,0.8468162,-3.5381827,-1.8755662,-2.2431314,-0.21289428,-2.3819041,0.4462892,-1.6052704)
(546, -2.2149552E-4,3.5033445E-4,-5.8789185E-5,3.4882843E-5,3.484962E-5,2.7401382E-4,2.1690013E-5,-3.285064E-4,1.3267425E-4,3.0537078E-4)
(556, -0.32273287,0.21609089,-0.012598776,-0.055364393,-0.2574766,-0.29679707,-0.102422796,0.12729199,-0.025445454,0.13117413)
(557, -0.43852466,0.5989292,0.116000816,-0.057409376,-0.90641093,-0.58966917,0.14082086,0.48962837,-0.30600637,0.35091376)
(564, 0.06156905,-0.053125713,0.036373295,-0.08312266,-0.05910661,-0.08170749,0.0025055201,-0.010532432,-0.022829207,-0.05356618)
(565, 0.16001229,-0.18618184,0.114258684,-0.33373797,-0.21848318,-0.35393336,-0.00936678,-0.07643977,-0.064774126,-0.2515725)
(567, -0.7199842,0.85774875,-0.7488212,-0.87867504,-1.1698662,-0.623938,0.114940494,-0.59607273,-0.52139556,-0.1886355)
(568, 0.033584148,-0.180885,1.0404352,-1.086577,-0.90728694,-1.7871754,-0.44273674,0.3864924,0.6528553,-0.092321075)
(570, -3.1720324,-3.38699,4.485536,-5.1829658,-4.0052285,-2.2808964,4.557873,3.870753,1.2660224,0.606085)
(571, -0.024806157,-4.0845072E-4,-3.72368E-4,-0.030451724,-0.04082545,-0.020415114,0.016427634,0.009792288,-0.004872365,-0.006970855)
(573, -0.34144324,0.0729566,-0.18024972,-0.36033785,-0.7266414,-0.26448226,0.3027671,0.1805651,-0.1917784,-0.14985284)
(575, -0.13369073,0.39576945,-0.48684436,-0.19903596,-0.8525852,-0.029823696,0.13076222,0.48403805,-0.39438936,-0.20571883)
(576, -0.008067174,0.011437957,-0.0045310576,-0.0010483962,-0.008372144,-0.0048293616,-0.010023725,0.0028078218,0.0054817754,-0.002294334)
(586, -0.17233534,0.34772444,-0.14163363,-0.18671758,-0.3668687,0.026285112,0.28495535,-0.047135357,-0.3880005,0.056690298)
(594, 0.0,0.0,0.0,0.0,0.0,0.0,0.0,0.0,0.0,0.0)
(598, -67.64882,-29.009897,99.01256,-90.56528,-35.327026,-29.649597,-9.130431,-5.5355935,92.55774,3.5459433)
(602, -0.5063395,-0.34032467,0.57185686,-0.8907351,-0.42302755,-0.500368,-0.18593475,-0.47485572,0.50540686,-0.15963139)
(603, -0.003099776,-0.0086975405,0.010143325,-0.008632302,-4.1206476E-5,-0.0025534595,0.005750435,0.003632998,0.0053053577,-0.001036037)
(609, -0.006886647,0.015930176,-0.02823557,-0.013155566,-0.03016715,0.0041210847,-0.0034310226,-0.01808501,-0.02809549,-0.010679927)
(618, -0.08950986,-0.020264333,0.137714,-0.13909334,-0.06743275,-0.040252496,0.00258066,0.072309464,-0.010839361,-0.06673214)
(624, -0.0022117447,0.0015498097,0.0018714613,-0.0016352403,-6.680384E-4,8.650246E-4,7.2966464E-4,-1.7462893E-4,-0.0017277203,0.0019235314)
(629, 0.0,0.0,0.0,0.0,0.0,0.0,0.0,0.0,0.0,0.0)
(633, 0.0,0.0,0.0,0.0,0.0,0.0,0.0,0.0,0.0,0.0)
(636, 0.0,0.0,0.0,0.0,0.0,0.0,0.0,0.0,0.0,0.0)
(638, 0.0,0.0,0.0,0.0,0.0,0.0,0.0,0.0,0.0,0.0)
(646, 0.0010162729,0.0010451614,1.3860287E-4,-2.8562437E-5,7.838724E-4,-9.530876E-5,0.0010501144,-5.4766866E-4,0.0022492036,0.0021283126)
(650, 0.0,0.0,0.0,0.0,0.0,0.0,0.0,0.0,0.0,0.0)
(655, 0.0,0.0,0.0,0.0,0.0,0.0,0.0,0.0,0.0,0.0)
(659, 0.0018046534,-2.4774685E-4,-7.4540806E-4,3.780696E-4,-2.079787E-4,8.989398E-4,2.999516E-4,-1.7501366E-4,-3.5973784E-4,1.253582E-4)
(661, -1.0293779E-4,2.6696716E-5,8.285795E-5,5.9107765E-6,-1.0211075E-4,-2.0374321E-4,-2.3757424E-5,1.4662597E-4,6.234361E-5,9.212386E-5)
(663, -6.4299995E-4,0.04557491,0.040129002,-0.07737776,-0.020834673,-0.013864545,-0.0054053525,-0.03986169,-0.036632244,0.029240316)
(671, 0.0,0.0,0.0,0.0,0.0,0.0,0.0,0.0,0.0,0.0)
(672, 0.0,0.0,0.0,0.0,0.0,0.0,0.0,0.0,0.0,0.0)
(674, 0.0,0.0,0.0,0.0,0.0,0.0,0.0,0.0,0.0,0.0)
(681, 0.0,0.0,0.0,0.0,0.0,0.0,0.0,0.0,0.0,0.0)
(683, -0.015099877,0.024772188,0.0029579392,0.01245479,2.0407408E-5,0.012833523,0.026618404,0.032359377,-0.0010508813,0.012196175)
(693, -1.3332602,-0.15433823,1.7153832,-0.74359995,-1.0093713,-0.5527493,-0.4912808,0.43039915,2.8038232,-0.08986797)
(694, -4.533875,4.73946,-4.6223726,-2.5326915,-7.6639943,-0.779664,-0.67541885,-1.7887222,-3.842762,-0.45380726)
(697, -2.6679522E-6,2.2755194E-4,-1.5470988E-4,1.4321304E-4,1.4265768E-4,5.788938E-4,2.0222162E-4,-6.2868436E-5,-1.4608928E-4,2.2382235E-4)
(699, 0.0,0.0,0.0,0.0,0.0,0.0,0.0,0.0,0.0,0.0)
(713, 0.0,0.0,0.0,0.0,0.0,0.0,0.0,0.0,0.0,0.0)
(715, -1.0423707E-5,-2.2875369E-5,2.5161198E-5,3.748217E-5,-1.7342476E-5,1.5187518E-5,3.947304E-5,7.111815E-5,2.9142522E-5,-1.3992252E-6)
(718, 0.0,0.0,0.0,0.0,0.0,0.0,0.0,0.0,0.0,0.0)
(726, -0.0026738017,-0.001239126,3.887454E-4,-0.006669506,-0.004561643,-0.004989917,-0.0012564881,-0.0029708692,3.3173326E-4,-0.0035662104)
(727, -7.7568577E-4,-4.4502746E-4,0.001294919,-7.3257444E-4,5.8271933E-5,-7.4910413E-4,1.0315895E-5,4.4595415E-4,7.7483576E-4,3.0159132E-4)
(729, -2.617195E-4,8.7426066E-5,6.244773E-4,3.0590422E-4,7.0485397E-4,0.0011976485,6.52304E-4,5.4002955E-4,2.715528E-4,8.0454245E-4)
(740, 1.487058E-5,2.600627E-4,7.528096E-5,5.5543124E-4,3.3212968E-4,5.467201E-4,-1.04377534E-4,5.321789E-4,2.3535026E-4,3.1319953E-4)
(742, 3.272623E-4,-4.7072324E-5,-9.434824E-6,2.7439525E-4,1.7076953E-5,-7.4598225E-5,-3.0479417E-4,3.9102012E-4,-2.0457445E-4,-3.9956157E-4)
(744, 0.0,0.0,0.0,0.0,0.0,0.0,0.0,0.0,0.0,0.0)
(748, 0.0,0.0,0.0,0.0,0.0,0.0,0.0,0.0,0.0,0.0)
(749, 1.0285394E-4,-0.0015679898,0.0014222884,-0.0016193636,-3.227795E-4,-0.0016077879,3.6494614E-4,-3.967954E-5,9.978523E-4,-8.5149606E-4)
(750, -0.0011176027,-0.053723704,0.11113517,-0.059649907,0.050467324,0.014554054,0.05692573,0.023069495,0.04030734,0.021731645)
(751, -3.9865752E-4,-1.4558533E-4,6.1664736E-4,-8.4266346E-4,-4.5596587E-4,-2.4660284E-4,-1.3073134E-4,-9.0481737E-4,-6.7572464E-4,-4.7954413E-4)
(753, -221.19328,126.18627,286.34036,177.61092,105.12597,301.43835,-23.001196,191.65549,134.92133,106.49258)
(756, 0.13905019,-0.9379296,2.0737293,-1.0469341,0.2792901,-0.24853882,1.2443364,1.2148167,1.0978853,0.68192303)
(757, -0.040228356,0.042363398,-0.01783399,-0.027174262,-0.046660855,-0.023881815,0.0027781494,-0.014414481,-0.009028556,0.023974208)
(758, -0.1916826,-0.078308195,-0.19785236,-0.27179724,-0.5620082,-0.4422695,-0.051753707,0.060890004,-0.29172432,-0.44343385)
(774, -1.1403748,-0.45373863,1.1270607,-1.9765687,-1.4884427,-1.2792337,0.8953293,0.42515072,0.3614055,-0.059245717)
(779, 15.068782,3.4950438,3.6151407,0.36844543,0.4336415,-0.7708046,4.123117,-3.6790462,5.1155987,1.7538204)
(781, 5.661643E-4,4.1403648E-5,2.1990963E-4,2.3897253E-6,2.1184562E-4,7.215027E-4,-6.8777954E-5,1.7956212E-4,4.866477E-4,7.0199254E-4)
(783, 2.69773E-6,0.0010041435,-2.2686679E-4,9.473491E-4,5.421693E-4,8.411069E-4,-2.679655E-4,2.1499704E-4,-3.839597E-5,0.0010398607)
(784, 0.018397989,-0.0038006443,-0.005015126,0.0030421368,-0.0022466015,0.007726038,0.0036246607,-6.557715E-5,-0.0015047821,0.002540289)
(786, 8.45892E-4,9.645589E-5,-4.6638006E-4,5.345493E-4,1.1162808E-6,9.3222E-4,1.4438471E-4,2.9012942E-4,-1.69112E-4,2.414483E-4)
(789, -0.0069462787,0.0045945207,-0.011355058,0.0012141397,-0.016792845,6.4049225E-4,0.0032408244,0.008802175,-0.009785624,-0.0053804773)
(794, 0.0,0.0,0.0,0.0,0.0,0.0,0.0,0.0,0.0,0.0)
(798, -0.014486126,-0.012531044,0.016092021,-0.02693349,-0.017537551,-0.023343027,-0.002935293,-0.006965786,0.017727925,-0.00863831)
(802, -0.008241427,9.447046E-5,-4.591127E-4,-0.0060738204,-0.009325428,-4.9648277E-4,0.004601721,0.0043358067,-0.00495899,-0.0039085676)
(806, -0.001627351,7.365859E-4,-0.002662263,-0.0010097449,-0.004296527,-8.449947E-4,2.169064E-4,8.846204E-5,-0.002610096,-0.0018019989)
(812, -0.0016694905,-0.002448444,0.016852964,-0.0073745674,0.0014338938,-0.004319219,0.0032418342,0.009295829,0.003947178,0.0072213216)
(815, -1.6496158E-5,3.0103218E-5,3.4406567E-6,1.0426173E-4,2.907583E-5,6.730393E-5,3.7436228E-5,8.7699795E-5,2.4585028E-5,4.1751573E-5)
(825, 2.2165057E-4,2.564536E-4,6.753344E-4,0.0015113301,6.7860517E-4,4.9622165E-4,-6.2247325E-4,0.0015948749,4.4760507E-4,3.403888E-5)
(829, -0.0025685476,0.0032639161,0.003260878,9.7653683E-4,1.8472923E-4,-0.0021233659,-0.0049422616,0.0052943765,0.006540555,-0.0017397777)
(830, -0.0013417073,0.087810114,-0.30190462,-0.305272,-0.55010086,-0.1241034,0.11573126,-0.15814447,-0.31756005,-0.1988033)
(832, 9.261008E-5,4.81225E-4,-1.5180928E-4,4.2441307E-4,2.2964565E-4,2.1131136E-4,-1.2367235E-4,1.1339657E-4,1.4692625E-4,5.226286E-4)
(833, 0.4284544,-0.27640727,-0.8045338,-0.991611,-2.3629954,-1.4637604,0.26694438,0.044641726,-0.48305735,-0.4975889)
(836, -1.516634,-1.0701187,1.640227,-2.9792802,-1.1297095,-1.5058185,-0.41962165,-1.5829704,0.9575786,-0.61673564)
(845, -0.0025490173,-0.0016995614,0.0022513196,-0.00596576,-0.0032228893,-0.0022750495,-0.0012676071,-0.003175585,0.0031759867,-0.0014412118)
(847, 0.0,0.0,0.0,0.0,0.0,0.0,0.0,0.0,0.0,0.0)
(851, 0.0,0.0,0.0,0.0,0.0,0.0,0.0,0.0,0.0,0.0)
(854, 0.0,0.0,0.0,0.0,0.0,0.0,0.0,0.0,0.0,0.0)
(855, 0.0,0.0,0.0,0.0,0.0,0.0,0.0,0.0,0.0,0.0)
(858, 0.0,0.0,0.0,0.0,0.0,0.0,0.0,0.0,0.0,0.0)
(859, 0.0,0.0,0.0,0.0,0.0,0.0,0.0,0.0,0.0,0.0)
(860, 0.0,0.0,0.0,0.0,0.0,0.0,0.0,0.0,0.0,0.0)
(862, 0.0,0.0,0.0,0.0,0.0,0.0,0.0,0.0,0.0,0.0)
(863, 0.0,0.0,0.0,0.0,0.0,0.0,0.0,0.0,0.0,0.0)
(869, 0.0,0.0,0.0,0.0,0.0,0.0,0.0,0.0,0.0,0.0)
(871, 0.0,0.0,0.0,0.0,0.0,0.0,0.0,0.0,0.0,0.0)
(877, 0.0,0.0,0.0,0.0,0.0,0.0,0.0,0.0,0.0,0.0)
(878, 0.0,0.0,0.0,0.0,0.0,0.0,0.0,0.0,0.0,0.0)
(879, 0.0,0.0,0.0,0.0,0.0,0.0,0.0,0.0,0.0,0.0)
(880, 0.0,0.0,0.0,0.0,0.0,0.0,0.0,0.0,0.0,0.0)
(881, 0.0,0.0,0.0,0.0,0.0,0.0,0.0,0.0,0.0,0.0)
(883, 0.0,0.0,0.0,0.0,0.0,0.0,0.0,0.0,0.0,0.0)
(887, 0.0,0.0,0.0,0.0,0.0,0.0,0.0,0.0,0.0,0.0)
(893, -4.4771453E-4,2.2545483E-4,4.2366746E-4,3.3149982E-4,3.1285302E-4,3.5131475E-4,8.7730325E-5,7.873964E-4,2.7528452E-4,4.1343062E-4)
(909, 0.0,0.0,0.0,0.0,0.0,0.0,0.0,0.0,0.0,0.0)
(911, 0.0,0.0,0.0,0.0,0.0,0.0,0.0,0.0,0.0,0.0)
(914, 0.0,0.0,0.0,0.0,0.0,0.0,0.0,0.0,0.0,0.0)
(916, 0.0,0.0,0.0,0.0,0.0,0.0,0.0,0.0,0.0,0.0)
(919, 0.0,0.0,0.0,0.0,0.0,0.0,0.0,0.0,0.0,0.0)
(923, 0.0,0.0,0.0,0.0,0.0,0.0,0.0,0.0,0.0,0.0)
(931, -0.016600756,0.33791116,0.023737352,0.46131903,0.29390454,0.32760188,0.009290048,0.4232349,0.1514641,0.3074736)
(940, -7.924644E-4,4.7425134E-4,-2.5868358E-4,-7.223483E-4,-0.0013206868,-0.001095041,-4.5437814E-4,-1.7428222E-4,-3.6157505E-4,-1.1870665E-4)
(942, -8.4011303E-4,0.0014600918,-8.127684E-4,7.63316E-4,-6.6635996E-4,3.9069433E-4,1.2999795E-4,3.4269533E-4,-0.0017141084,-1.0236107E-4)
(944, -0.0027786223,0.002135539,-0.00314722,-0.0059988853,-0.0060533164,0.002914621,0.0021716012,-0.0033521738,-0.0055558374,-5.0630135E-4)
(946, 0.0,0.0,0.0,0.0,0.0,0.0,0.0,0.0,0.0,0.0)
(947, 0.0,0.0,0.0,0.0,0.0,0.0,0.0,0.0,0.0,0.0)
(951, 5.6439044E-4,2.033574E-4,9.558945E-5,4.7570906E-4,7.623461E-4,2.0755867E-4,-3.2306195E-4,1.712985E-5,3.2084197E-4,3.2169372E-4)
(958, -2.5700976E-4,-3.6765178E-4,8.301931E-4,2.4645242E-6,4.3307815E-4,1.3008187E-4,3.0965597E-4,6.6766294E-4,4.1119623E-4,1.2640972E-4)
(960, 0.0,0.0,0.0,0.0,0.0,0.0,0.0,0.0,0.0,0.0)
(963, -5.382421E-5,-8.561159E-5,9.0266905E-5,-1.9628303E-4,-7.673894E-5,-1.3516391E-4,-6.220439E-5,-1.2969058E-4,3.8819722E-5,-6.950148E-5)
(964, 0.0013785438,0.001354342,-0.0010056745,3.81995E-4,-0.002025654,-0.0025109923,-0.0011703235,4.549293E-4,-2.2154665E-4,-1.370628E-5)
(969, 0.0,0.0,0.0,0.0,0.0,0.0,0.0,0.0,0.0,0.0)
(973, -7.659248E-4,-3.4608052E-4,-2.2124217E-4,-8.502147E-4,-0.001126472,-8.5398305E-4,3.3572808E-4,4.3041844E-4,-2.6272357E-4,-0.0010824789)
(983, 0.027862726,-0.28810742,2.0485175,0.22898708,1.2754043,0.5356022,-0.37200427,0.82592326,2.2687442,0.623384)
(984, -0.019422634,-0.008068423,0.015315329,-0.026427409,-0.021589125,-0.023357969,-0.004402774,-0.00361324,0.007937852,-0.0067158556)
(988, -0.003266359,0.003966591,0.0067743347,0.008489184,0.0070909886,0.0059463703,0.001624763,0.009297644,0.009810943,0.0029378296)
(991, 0.0048491047,0.0021026523,-0.0023208351,0.0036648968,0.0017773795,-5.373285E-4,-0.0027765927,0.0018714997,0.0016518927,-0.0012873743)
(994, -0.03312514,0.100128055,0.010740304,0.04572573,-0.007668038,-0.023487562,-0.03066882,0.046504617,0.02505351,0.0368566)
(999, 0.0,0.0,0.0,0.0,0.0,0.0,0.0,0.0,0.0,0.0)
(1000, 7.0173155E-5,-7.7674624E-5,-2.228717E-4,-1.00407524E-4,-4.1625506E-4,-4.22948E-4,-9.5019226E-5,4.1185904E-5,-1.6665591E-4,-3.556587E-4)
(1004, -3.6889545E-4,0.0016660101,-0.0027975768,1.432825E-4,-0.002540255,-0.0011510248,-5.6379597E-4,-3.0884313E-4,-9.220382E-4,-6.751293E-4)
(1007, 0.0,0.0,0.0,0.0,0.0,0.0,0.0,0.0,0.0,0.0)
(1008, -5.115723E-4,-3.7674402E-4,-7.064846E-4,-0.0012526166,-0.0022584107,-6.4292323E-4,4.0820072E-4,-7.028728E-5,-6.698399E-4,-6.9146365E-4)
(1013, -1.0423695E-5,-2.2875438E-5,2.5161029E-5,3.7482067E-5,-1.734274E-5,1.5187181E-5,3.947299E-5,7.111805E-5,2.9142439E-5,-1.399522E-6)
(1019, -0.06420033,0.043582227,-0.02452176,-0.022056468,-0.04258263,0.05264862,0.03329494,0.0155147305,-0.038542636,0.021409938)
(1020, -0.03300724,0.03078557,-0.023495145,-0.012692966,-0.0343627,-0.0028635745,-0.0044565303,-0.009002314,-0.0127346935,0.011933367)
(1021, 0.0,0.0,0.0,0.0,0.0,0.0,0.0,0.0,0.0,0.0)
(1025, 0.0,0.0,0.0,0.0,0.0,0.0,0.0,0.0,0.0,0.0)
(1028, 0.0,0.0,0.0,0.0,0.0,0.0,0.0,0.0,0.0,0.0)
(1029, 0.0,0.0,0.0,0.0,0.0,0.0,0.0,0.0,0.0,0.0)
(1042, -5.6803117E-5,7.57297E-4,-2.1560294E-4,9.1675343E-4,-3.3644424E-4,-1.374822E-4,-5.646842E-4,8.1268576E-4,-0.0013798026,-4.3687187E-4)
(1043, -0.0010025128,-6.9751043E-4,0.0018121307,-0.0018590094,2.1253704E-4,-4.3822214E-4,4.0940903E-4,4.1201318E-4,0.0010664458,6.4498466E-4)
(1046, -0.004236693,-0.0020942152,0.0060535013,-0.0036599846,-4.547384E-6,-0.0021791595,0.003088812,0.0045358418,0.0026406653,6.2408694E-4)
