(2, -0.10563535,-0.0715698,0.048668765,-0.34074065,-0.27121246,-0.26936284,-0.07321309,-0.21192074,0.056508247,-0.15290138)
(6, -0.02823649,0.0117957,0.0053461664,-0.0035458442,-0.02235056,-0.015465873,0.009578727,0.027207967,-0.0014351255,-8.217285E-4)
(11, 7.801093E-5,-3.7558035E-5,7.6242463E-6,-1.9861842E-5,1.432637E-5,1.8598894E-5,1.0534268E-5,-2.2840577E-5,-4.4114463E-6,-1.24158005E-5)
(12, 1.2752919E-4,-4.419169E-4,1.0767226E-4,-4.301301E-4,-9.924554E-4,-7.5701915E-4,1.7210346E-4,8.389481E-4,-0.0011092111,-0.001175906)
(13, -0.028374769,0.049684048,-0.015191492,0.012591607,-0.033542033,0.026596751,0.015598677,0.02382019,-0.024978852,0.038095307)
(18, -0.0030904557,-0.0045680148,-2.7291442E-4,-0.015575795,-0.009273049,-0.0073992056,5.425578E-5,-0.008054458,-0.008091042,-0.01276423)
(19, -0.0047402037,0.0043818853,0.0018737561,0.0035023184,0.003133059,0.0083108395,0.003839905,0.009804703,-0.003072342,1.2355615E-4)
(20, -0.02701016,0.008755284,0.0076909875,-0.020655662,-0.023064991,-0.011310036,0.02215943,0.019786851,0.0046477104,0.004690609)
(27, 5.7647517E-6,-3.482045E-6,-7.3444735E-6,-5.047875E-6,-1.934959E-6,1.8849183E-5,-9.617473E-7,5.598761E-6,-2.6319572E-6,-1.1577245E-5)
(30, 0.0019275447,0.008465772,-0.0022827997,0.0037519345,0.0016979298,0.0049086707,-0.0056166016,-0.0012185785,-0.0045025777,0.0018124935)
(33, -0.03807582,0.0054159965,0.07698017,-0.010440137,0.020890297,-0.044725236,0.020389456,0.07972723,0.043985065,0.034953948)
(34, -0.8669948,2.601851,-2.819946,0.15819171,-1.5518811,3.0473466,1.8364414,-1.4677805,-2.5714593,0.62868005)
(35, -0.06418795,0.05892792,0.011096283,-0.006825846,-0.028328286,0.0076272837,0.027907748,0.03684588,-1.9171357E-4,0.05532976)
(36, -0.033362627,0.020368828,-0.018609913,-0.018149363,-0.033067327,0.01932695,0.026161434,-5.3471857E-4,-0.043254916,-0.010576108)
(42, -0.008037393,0.08400518,-0.07909662,-0.009727306,-0.09099417,-0.057387117,0.0053732796,-0.022411665,-0.04820993,-0.008060014)
(44, 3.4058324E-4,-0.0016493181,0.001826758,-0.0018459198,-4.3801754E-4,-0.0018768198,-5.149755E-4,-6.4620824E-4,0.0020690833,-8.2828925E-4)
(46, -0.2908907,0.04539746,-0.19687414,-0.33804327,-0.59137535,-0.25294897,0.09210926,-0.1427978,-0.2258455,-0.24040084)
(48, 0.0,0.0,0.0,0.0,0.0,0.0,0.0,0.0,0.0,0.0)
(59, -0.0843226,0.69503087,-0.14021699,0.0327928,-0.74515414,-0.59556925,-0.072240315,-0.05237027,-0.046319604,-0.06152494)
(61, -3.659629E-4,3.2871426E-4,-1.7704132E-4,5.702168E-5,-1.5871083E-4,1.6155928E-4,-5.4221706E-5,3.061944E-5,-1.2306318E-4,1.8350166E-4)
(65, -0.0036347671,-0.0023187175,0.0034753415,-0.0050168936,-0.0024956965,-0.0020877046,-1.9182045E-4,-7.152706E-4,0.0020879551,-0.001433467)
(67, -0.001436531,-6.4744323E-4,7.297514E-4,-0.0019287464,-0.0013660991,-0.0011141171,4.64149E-4,4.5742414E-5,-3.070425E-4,-5.79066E-4)
(69, 0.0,0.0,0.0,0.0,0.0,0.0,0.0,0.0,0.0,0.0)
(72, -7.6112716E-4,-0.0019060625,0.0036977108,-0.0017896707,0.0015685384,2.2028866E-5,0.0013522567,3.9539282E-4,0.002499996,0.0010640512)
(80, 0.0,0.0,0.0,0.0,0.0,0.0,0.0,0.0,0.0,0.0)
(82, 1.0481188E-4,4.121059E-5,7.8604484E-5,9.884309E-5,1.8278332E-4,-5.6246485E-5,-1.2799985E-4,1.1764802E-5,9.321065E-5,6.828053E-5)
(91, -3.581008E-5,9.553017E-5,-1.4166992E-4,1.7554623E-5,-9.8748314E-5,2.3151298E-4,2.6894206E-5,2.02443E-5,-1.5828278E-4,1.5254247E-5)
(100, -7.3960505E-6,0.004263201,6.621198E-4,0.0030059228,-0.004418905,-0.002837213,0.0030788241,0.0060698017,-0.0043934337,0.00251853)
(102, 0.0,0.0,0.0,0.0,0.0,0.0,0.0,0.0,0.0,0.0)
(109, -7.736189E-4,-9.1718015E-4,3.4199152E-4,-9.71462E-4,-0.0027192766,-0.004827459,-5.3284783E-4,0.0028631678,-8.837454E-4,-0.002996087)
(110, 5.764847E-6,-3.4820337E-6,-7.3442716E-6,-5.0476724E-6,-1.9346153E-6,1.884928E-5,-9.61745E-7,5.598902E-6,-2.6317182E-6,-1.1577019E-5)
(114, 2.5693982E-4,4.3455686E-4,-5.100035E-4,3.345604E-4,-4.413591E-4,-1.3251006E-4,8.314334E-5,6.894579E-5,-2.8936492E-4,1.7937268E-4)
(120, 2.472067E-4,6.159968E-4,-4.4050426E-4,-1.8134719E-5,-2.9928915E-4,3.5310615E-4,-4.6525366E-4,-3.2832276E-4,-7.591468E-5,6.224812E-4)
(122, -7.707697E-4,1.1797549E-5,-1.2859996E-4,-5.9182226E-4,-9.640358E-4,-7.7718677E-4,-4.832566E-5,-4.587659E-5,1.0325485E-4,-3.1342203E-4)
(123, -0.0023069032,0.0012255535,-0.0018459505,-0.0013297698,-0.0019277656,0.00274653,0.00213741,-0.0013790763,-0.0021332863,1.2689983E-4)
(127, 4.7227184E-4,1.3899295E-4,9.172798E-4,0.0011120673,0.0016752604,1.900203E-4,-3.4916884E-4,9.6206274E-4,6.185483E-4,5.250345E-4)
(133, 0.0,0.0,0.0,0.0,0.0,0.0,0.0,0.0,0.0,0.0)
(134, 0.0,0.0,0.0,0.0,0.0,0.0,0.0,0.0,0.0,0.0)
(136, -3.143556E-4,2.3518424E-4,-3.133136E-4,-1.9905281E-4,-4.0510925E-4,-2.165228E-5,-8.715691E-5,-1.1428266E-4,-2.2829956E-4,-3.2651016E-5)
(144, -4.731399E-4,-8.754965E-4,0.0015608026,-6.319801E-4,4.448524E-4,-2.3539491E-4,6.046819E-4,7.4217847E-4,8.0999476E-4,2.5797024E-4)
(150, 1.2872976E-4,-0.0010625467,0.0013993551,-6.694644E-4,5.517786E-4,-3.7627734E-4,7.694509E-4,4.9790833E-4,0.0010292,1.5291918E-4)
(153, 0.0,0.0,0.0,0.0,0.0,0.0,0.0,0.0,0.0,0.0)
(156, -1.9322299E-5,-1.6752918E-5,2.8588383E-5,-3.2007796E-5,-9.629907E-6,9.90331E-6,-4.595382E-6,-1.1239975E-5,1.5295567E-5,-1.9294655E-6)
(157, 0.0,0.0,0.0,0.0,0.0,0.0,0.0,0.0,0.0,0.0)
(159, 0.0,0.0,0.0,0.0,0.0,0.0,0.0,0.0,0.0,0.0)
(164, 0.0,0.0,0.0,0.0,0.0,0.0,0.0,0.0,0.0,0.0)
(165, -8.5882115E-4,7.607443E-5,5.871458E-4,-9.198445E-4,3.450501E-4,9.987477E-4,7.277355E-4,6.713896E-5,7.398059E-4,5.5808615E-4)
(167, 2.4353931E-4,3.75929E-5,2.8941187E-4,4.3667914E-4,5.3960044E-4,2.0515441E-5,-1.466468E-4,3.8735894E-4,1.11649126E-4,1.01271486E-4)
(169, -0.053097393,-0.12626071,0.2854535,-0.062124345,0.14764054,0.022934344,0.12441786,0.12803853,0.1710401,0.11084943)
(174, -0.98328227,0.49186185,-0.971188,-0.7429069,-2.4108171,0.016108135,0.6462868,0.42461184,-1.1600188,-0.76571554)
(175, 568.88275,8.708934,-213.00336,138.65831,-126.8606,152.19066,21.476376,-76.80408,-187.08063,-17.819704)
(178, 0.0,0.0,0.0,0.0,0.0,0.0,0.0,0.0,0.0,0.0)
(179, 0.0,0.0,0.0,0.0,0.0,0.0,0.0,0.0,0.0,0.0)
(183, 0.0,0.0,0.0,0.0,0.0,0.0,0.0,0.0,0.0,0.0)
(191, -0.0028825705,0.0026328326,0.0037699803,-0.0013771838,-0.0010336756,-6.325735E-4,-0.0035490314,-8.222112E-4,0.005729345,0.0022615702)
(195, 0.0,0.0,0.0,0.0,0.0,0.0,0.0,0.0,0.0,0.0)
(197, -9.167188,-2.6706288,4.601627,-15.209243,-18.044094,-15.032483,-0.8109372,-0.5906315,2.76651,-6.6227345)
(199, -0.2916998,-1.3186374,1.7585552,-2.636648,-0.96584105,-2.1609251,0.7570518,0.22934057,1.6160712,-0.6968781)
(204, -0.45144036,-4.9144835,6.410967,-5.869946,-0.45518097,-2.0768976,3.718271,2.0328012,3.727401,-0.22014688)
(209, 0.024824537,0.04293383,0.1444856,0.04821984,0.16100171,0.095220156,0.022950064,0.081980266,0.08771968,0.1247376)
(213, -0.38875076,-0.53980905,0.7826753,-0.68454635,-0.15385301,-0.4822481,0.20736413,0.2731969,0.32902786,-0.120348275)
(216, 0.23748676,-0.20663373,-0.023295151,-0.3984107,-0.28792104,-0.32952234,0.19956088,-0.30156353,0.1975658,-0.18940862)
(228, -4.3297868E-4,-1.7998803E-4,-2.511403E-4,-7.6434424E-4,-9.552038E-4,-8.06501E-4,-2.4063716E-4,-2.0517454E-4,-4.415214E-4,-8.13949E-4)
(233, -0.0030231965,0.0049945544,-0.0023320853,0.0014684662,-0.0026707158,0.0012849179,6.4031215E-4,0.0023262554,-0.004075401,-2.8032928E-5)
(235, -1.2629375,-4.679424,7.4405074,-6.1136084,1.7076559,-1.7405746,3.3913896,2.067072,3.5688324,0.41048008)
(236, 294.64352,309.14563,-61.475792,357.89423,443.51172,266.04712,13.500817,340.153,169.63031,141.1809)
(241, -9.301971E-4,7.7750825E-4,5.0708576E-4,5.734588E-4,9.429324E-5,8.4709236E-4,-1.1647555E-4,4.319114E-4,5.5742665E-4,0.0011275896)
(244, 0.0,0.0,0.0,0.0,0.0,0.0,0.0,0.0,0.0,0.0)
(249, 18.571434,16.198753,-16.261992,3.046867,-30.486286,-6.0799356,14.7584095,8.05179,-22.300327,6.568538)
(251, 0.34419486,0.15246,1.3752273,-1.0975734,-0.28129688,-0.9958095,1.2367878,0.32531437,-0.20292932,0.50954735)
(257, 1.4157691,2.9620996,-1.7651258,-0.47591645,-0.16338171,-1.2687064,-2.7021284,-1.6319579,1.5761106,-0.70123863)
(265, -0.0054689692,-0.021133546,0.05086728,-0.0028548706,0.03127627,0.0070726727,0.019054005,0.027388107,0.033766545,0.020933555)
(266, 4.8415975E-5,-2.0877735E-4,-3.655832E-5,-1.9281647E-4,-2.8839568E-4,-5.6530104E-4,6.0124163E-5,-1.750444E-4,2.9626812E-4,-2.656522E-4)
(268, 0.0,0.0,0.0,0.0,0.0,0.0,0.0,0.0,0.0,0.0)
(270, -3.2214267E-4,4.7778132E-5,-1.3760784E-4,-2.5545343E-4,-3.5644692E-4,-1.7480682E-4,-6.15073E-5,-1.3289144E-5,-2.1697179E-4,-2.2628703E-4)
(271, -0.011890627,0.017295718,-0.020756682,0.0021708722,-0.022496799,0.009222547,0.012254133,0.006130708,-0.019316414,-6.798107E-4)
(273, 0.0,0.0,0.0,0.0,0.0,0.0,0.0,0.0,0.0,0.0)
(277, -0.10519932,0.008689915,-0.044904735,-0.077936016,-0.2022595,-0.12771612,0.009740954,0.03891026,-0.05663948,-0.039818916)
(279, 4.039531,0.67692304,10.631574,-5.855552,1.4778602,4.109791,8.906408,7.4625545,2.5792933,10.391836)
(283, 0.0,0.0,0.0,0.0,0.0,0.0,0.0,0.0,0.0,0.0)
(285, 0.0,0.0,0.0,0.0,0.0,0.0,0.0,0.0,0.0,0.0)
(289, -33.73926,13.87982,-29.320112,-21.507414,-61.977135,-23.543745,-1.6827253,2.1574867,-35.427628,-19.399683)
(291, -7.4582756E-4,-2.6984196E-4,0.0010903454,-8.694075E-4,1.9524148E-4,-5.1350816E-4,-1.4125668E-4,-7.209831E-5,4.8859307E-4,2.282804E-4)
(297, -0.025004746,0.071853876,-0.031726204,0.020776909,0.0054251384,0.08789432,0.00272728,-0.005717311,-0.05162287,0.046055727)
(302, 0.009153179,0.0051850355,-0.06865036,-0.10137762,-0.1389586,-0.0923482,0.023262955,-0.1039656,-0.087848045,-0.13064778)
(303, -0.0011255366,5.1533344E-4,-0.0012301141,-6.0567324E-4,-0.0026301641,-0.0022301264,-7.531546E-4,3.25548E-4,-0.001114359,-0.0012848306)
(308, 0.016313022,-0.002959054,0.015511108,0.0031590606,0.00754918,-0.009564266,0.009412528,0.012134273,0.01754752,0.012045873)
(313, -0.007114184,0.005178677,-0.0039682244,-0.003988908,-0.007669572,0.0057770587,0.0099267755,1.2384483E-4,-0.00878244,-4.6905264E-4)
(314, 0.0,0.0,0.0,0.0,0.0,0.0,0.0,0.0,0.0,0.0)
(319, 0.0,0.0,0.0,0.0,0.0,0.0,0.0,0.0,0.0,0.0)
(329, 0.0013400739,-7.8970435E-5,0.0012741797,7.487479E-4,0.0011805214,0.0013620658,-3.9561983E-4,-5.647264E-6,0.0018614648,9.909928E-4)
(333, -3.238404E-4,-1.1494217E-4,9.3969866E-4,-1.8532088E-4,5.938384E-4,2.8270557E-5,1.065518E-4,1.8281244E-4,5.5262324E-4,5.9585675E-4)
(335, -0.017133383,-0.0029543932,0.10543695,-0.016521621,0.027037902,0.0023700977,0.045106363,0.09291189,0.05829711,0.06296186)
(340, 7.72467E-4,0.0036414922,0.0023046508,0.0068654083,0.003963641,0.0067847986,-2.4183418E-4,0.00655033,0.0023862866,0.0026903034)
(342, -0.1395818,0.15159583,-0.09121053,-0.013872194,-0.09658909,0.033905786,-0.026770711,-0.02952716,-0.053514242,0.066877216)
(343, -0.017924527,0.039192773,0.015023424,-0.021837993,-0.013700424,0.015215897,-0.005193396,-6.453412E-4,-1.3819225E-4,0.025151998)
(352, -0.0044758436,0.004376972,-0.0023832058,-1.2573182E-4,-0.0033741319,0.0010336966,-4.7468263E-4,0.0011170803,-0.003800081,8.9079945E-4)
(355, -6.823734E-4,2.3159214E-4,-3.4921293E-4,-4.873118E-4,-6.9275504E-4,-3.1988003E-4,-2.0690756E-4,6.42823E-5,-3.3611804E-4,-4.3637588E-4)
(357, 0.0014446925,-4.8513367E-4,8.671538E-5,2.9113278E-4,1.7884283E-4,-0.0012865539,7.323869E-4,2.2894006E-4,0.001121245,-3.5681826E-4)
(358, 0.0,0.0,0.0,0.0,0.0,0.0,0.0,0.0,0.0,0.0)
(359, 0.0,0.0,0.0,0.0,0.0,0.0,0.0,0.0,0.0,0.0)
(365, 0.0,0.0,0.0,0.0,0.0,0.0,0.0,0.0,0.0,0.0)
(367, -0.019041965,0.12898916,0.19569315,-0.09410059,0.2008602,0.15432775,0.1199482,0.08016727,0.06552611,0.11430222)
(369, -0.0040726657,0.0012377163,0.0013881858,-0.001630867,-0.0031983762,-0.0038692441,6.070726E-4,0.003004581,-1.3225157E-4,-0.0014196255)
(390, 7.801094E-5,-3.7558006E-5,7.6247575E-6,-1.9861362E-5,1.4327094E-5,1.8598972E-5,1.053425E-5,-2.2840093E-5,-4.410885E-6,-1.2415361E-5)
(397, 2.2026725E-5,8.4935455E-5,1.2408571E-4,2.6006452E-4,2.5244328E-4,2.7519563E-4,7.0901983E-6,1.6373603E-4,1.3496414E-4,1.8768445E-4)
(399, -0.001506784,2.1111926E-4,-6.5539774E-5,-9.671422E-4,-0.0015714404,-4.003088E-4,6.663124E-4,2.2667414E-4,-6.863524E-4,-4.450257E-5)
(400, -1.6260152E-5,-7.6060394E-5,1.0894274E-4,-9.2360955E-5,6.5443164E-6,-8.238003E-5,-3.580162E-5,-5.0576164E-5,1.0754175E-4,-2.4450279E-5)
(401, 0.0,0.0,0.0,0.0,0.0,0.0,0.0,0.0,0.0,0.0)
(402, 0.0,0.0,0.0,0.0,0.0,0.0,0.0,0.0,0.0,0.0)
(404, 0.0,0.0,0.0,0.0,0.0,0.0,0.0,0.0,0.0,0.0)
(405, -0.008678587,0.016278785,0.022797212,0.0063801957,-0.009706534,-0.026783628,0.013101218,0.046927016,0.001324536,0.016631452)
(406, -0.05137197,0.077070266,-0.059497733,-0.076767445,-0.09068418,-0.03794536,0.024009809,-0.05504101,-0.018487586,-0.026885604)
(408, 0.0,0.0,0.0,0.0,0.0,0.0,0.0,0.0,0.0,0.0)
(414, -0.0026486444,-9.3008566E-4,0.0038557083,-0.0021952055,9.4961806E-4,0.0017072376,0.0037364545,0.0018487016,0.003210468,0.0027714286)
(415, -2.4974727E-4,6.264349E-4,6.390656E-4,0.0014585183,0.0011987931,0.0011304684,6.714354E-4,0.0020237423,4.3961155E-4,6.1261037E-4)
(418, -0.1947167,0.0232631,0.061427653,-0.06513387,-0.35574764,-0.37638545,0.0066844337,0.26540184,0.027596489,0.09529883)
(422, -0.0030308773,-3.0589828E-4,-0.001320552,-0.0028435437,-0.005062928,-0.0017732593,0.0012950958,4.8665662E-4,-0.0018632166,-0.0016258386)
(423, 0.0012162556,3.1939962E-5,-0.0015433831,1.1605862E-5,-0.0014689716,6.877751E-4,4.734347E-4,-2.438273E-4,-0.0011656473,-3.3205264E-4)
(424, 0.0,0.0,0.0,0.0,0.0,0.0,0.0,0.0,0.0,0.0)
(425, -0.001111116,-4.6411116E-4,0.001808378,-0.0011379557,2.6223296E-4,-0.001373364,0.0011540785,5.396811E-4,0.001603943,4.5473088E-4)
(428, 0.0,0.0,0.0,0.0,0.0,0.0,0.0,0.0,0.0,0.0)
(431, 0.0,0.0,0.0,0.0,0.0,0.0,0.0,0.0,0.0,0.0)
(433, -0.0015198401,0.0010456834,0.0019290325,0.0012497824,0.0010130977,1.5635962E-4,-2.8495255E-4,0.0025612116,0.0012471928,0.0021393006)
(438, 7.854934E-4,-5.566786E-4,4.762188E-4,-2.837468E-5,3.7310252E-4,5.335836E-4,5.106336E-4,2.4079451E-4,3.1931946E-4,3.398865E-4)
(443, 0.0015557475,0.001121663,0.0012804739,0.002055837,0.0024131814,-3.7227996E-4,-9.2555216E-4,2.7646622E-4,4.988928E-4,0.0016690281)
(447, -0.009350432,0.0036007257,8.1824255E-4,-0.005954711,-0.01006591,-0.0065847407,6.847637E-4,9.988669E-4,-0.0015997267,2.3990474E-4)
(448, 3.414182E-4,-0.0030923577,0.0020050597,-0.0037638918,-3.5484257E-4,-0.0012134288,0.0019510643,-6.5551634E-4,9.933938E-4,-0.0017799669)
(455, 7.753818E-4,3.6696615E-4,-5.876683E-4,-9.020426E-5,-1.2829033E-5,-7.031611E-4,-2.3780645E-5,-0.001202745,2.2202128E-4,-4.05443E-5)
(459, -0.0014100557,0.0020531134,-0.0016122417,-7.50302E-4,-0.0015438119,0.0012398292,7.176376E-5,-0.0014917677,-0.0019488835,3.1842815E-4)
(460, 4.665246E-5,1.1782867E-5,1.0392088E-4,1.2601721E-4,1.8631757E-4,3.3136705E-5,-2.7764809E-5,1.1948681E-4,6.533999E-5,5.564514E-5)
(462, -1.7949082E-4,2.607736E-4,-5.4325734E-5,2.1839245E-4,3.6294226E-5,2.85128E-4,-5.6697132E-5,2.1010809E-4,2.8455044E-5,1.8946934E-4)
(465, 0.0,0.0,0.0,0.0,0.0,0.0,0.0,0.0,0.0,0.0)
(469, 0.0,0.0,0.0,0.0,0.0,0.0,0.0,0.0,0.0,0.0)
(470, 0.0,0.0,0.0,0.0,0.0,0.0,0.0,0.0,0.0,0.0)
(481, -0.0023537155,1.7076156E-4,-0.0028698146,-0.0028048104,-0.005842781,-0.0029115567,4.0030346E-4,-8.132724E-4,-0.0021552974,-0.0024868487)
(483, -0.011797687,0.004856986,-0.007823331,-0.0046361275,-0.018610412,-0.009905436,-1.3057422E-4,0.003898395,-0.0062000547,-0.0040240586)
(484, 0.0,0.0,0.0,0.0,0.0,0.0,0.0,0.0,0.0,0.0)
(486, -6.301863E-4,-3.6468066E-4,-6.4023297E-6,-8.700236E-4,-0.0010295894,-5.431492E-4,3.6643338E-4,1.2495303E-4,-1.7515438E-4,-4.3529944E-4)
(490, 8.92531E-5,7.8303665E-6,-1.4167279E-4,-8.904578E-5,-1.9168522E-4,-3.9267623E-5,-5.2180487E-5,-9.543851E-5,-2.1377167E-4,-1.3457217E-4)
(493, 0.45604193,0.586978,0.16235536,1.0596181,0.98107946,0.7692282,-0.12605384,0.561665,0.30601117,0.5347226)
(498, 0.0037575236,0.004402997,-0.0070595075,0.001811287,-0.0049942983,0.0049562226,-6.2248984E-4,-0.0012865188,-0.0011209687,0.002929906)
(499, 0.0,0.0,0.0,0.0,0.0,0.0,0.0,0.0,0.0,0.0)
(500, 0.0,0.0,0.0,0.0,0.0,0.0,0.0,0.0,0.0,0.0)
(504, 0.0220776,-0.003561689,-0.008670972,0.0040456653,-0.0029491927,0.010353443,0.0041065,-0.0017214592,-0.003714031,0.0015569413)
(507, -3.74528E-4,-2.772172E-4,1.6895971E-4,-8.3265774E-4,-5.198343E-4,-2.0495554E-5,1.6483625E-4,-4.8635557E-4,1.7267292E-4,-2.0844839E-4)
(509, 0.0016213541,5.387384E-5,-7.5046025E-4,5.2136474E-4,-2.9103176E-5,0.0014487188,1.02989674E-4,-3.0449954E-5,-1.572314E-4,4.049121E-4)
(511, 7.3862716E-4,-1.2607998E-4,-3.9673198E-4,7.346182E-5,-2.8519286E-4,5.0862756E-4,2.927488E-4,-1.7998792E-4,-1.5274307E-4,5.1823015E-5)
(516, -3.081804E-6,2.2740851E-4,1.9585212E-4,1.4888982E-5,2.5519478E-4,3.937553E-4,-1.1551045E-4,-3.1791246E-4,3.278036E-4,4.6226758E-4)
(529, 0.0,0.0,0.0,0.0,0.0,0.0,0.0,0.0,0.0,0.0)
(543, 0.0017735987,-0.0010708371,5.592614E-4,-4.4933092E-4,-8.391513E-5,6.893447E-4,4.8342225E-4,4.928135E-4,2.2656159E-4,2.5267017E-4)
(544, -1.0423933E-5,-2.2875272E-5,2.516134E-5,3.7482263E-5,-1.734229E-5,1.5187871E-5,3.9473136E-5,7.11183E-5,2.914247E-5,-1.399062E-6)
(552, -0.0033999977,-5.196188E-4,0.001905481,-0.010126526,-0.014441142,-0.018025512,-0.0045130095,8.028495E-5,0.003118225,-0.0062865852)
(553, -0.0018697776,0.0010957317,5.3108914E-4,-4.656021E-4,-2.442095E-4,-0.0010525894,2.2790927E-4,3.1761438E-4,0.0015981914,0.0016524243)
(554, -0.030295804,-0.08603407,0.12866914,-0.07885045,-0.013422031,-0.021145584,0.09789655,0.09106458,0.057868455,0.032773346)
(572, -0.6263567,0.22366475,-0.30768117,-1.1761643,-1.4897139,-0.49972996,0.697472,-0.24474674,-0.6284218,-0.41655916)
(577, -3.2214256E-4,4.7771344E-5,-1.3759825E-4,-2.554579E-4,-3.5644218E-4,-1.7481009E-4,-6.1505154E-5,-1.3288E-5,-2.169659E-4,-2.2628737E-4)
(579, -0.0010901846,0.0010859822,-0.0013782054,-6.191722E-4,-0.0018134613,-0.0010815904,-6.742037E-4,-3.8490677E-4,-0.001318085,-9.1150875E-4)
(580, -0.22804624,0.29447374,-0.17880222,0.06773094,-0.123851456,0.1524001,0.016493043,-0.04206202,-0.13127281,0.14325064)
(581, -0.02467396,0.028302029,-0.018490754,0.0069124014,-0.014720346,0.0131259095,-0.002201801,4.6771535E-4,-0.011908831,0.014619625)
(582, 0.09802306,-0.25613078,0.22936971,-0.69116116,-0.21973728,-0.44587207,0.13233547,-0.43878257,0.10718131,-0.4356905)
(584, -1.31331,1.8248816,0.9010015,3.390501,1.1174928,-0.24899426,-0.95722795,4.356457,1.0978417,0.47262603)
(585, 0.3109845,0.76251125,-0.43525407,0.8155259,0.599904,0.8269804,0.05398179,0.2496289,0.22835721,0.6293473)
(588, -1.5788492E-4,0.004358955,-0.0026445948,0.0026541976,2.1827321E-4,0.0055682687,6.2045985E-4,0.0022411812,-0.0041194777,0.0016950659)
(596, -7.1823587,-3.134808,6.195194,-11.220492,-7.249686,-7.7929797,-3.2013662,-5.022634,7.012418,-2.5389955)
(597, -0.1943006,-0.30885106,0.43058392,-0.5716918,-0.121403456,-0.22426236,0.005177568,-0.27003348,0.23149975,-0.1311815)
(600, 4.565941,3.0698493,-4.0974617,1.2747743,-4.1424155,1.3061602,3.116833,0.23092206,-3.8217347,1.8025683)
(601, -0.9337744,-0.47403175,1.8808308,-1.3175166,-0.66130394,-1.0204152,-0.4991261,-0.07330851,1.9567766,-0.060147636)
(607, -0.110797875,-0.3657721,0.57884467,-0.25460875,0.16096582,-0.0735176,0.25971815,0.2731314,0.2907417,0.08571416)
(610, 0.153179,0.091071844,0.5733944,-0.033776525,0.39361072,-0.07428735,-0.32943842,0.14584222,0.8406287,0.19209877)
(612, -9.609549E-4,2.4533024E-4,2.1691538E-5,-7.9504104E-4,-6.606137E-4,-3.98498E-4,-4.0533103E-4,-3.482432E-4,7.908603E-5,3.7146077E-5)
(615, -2.2650792E-4,5.127843E-4,-4.7694572E-4,5.1627547E-4,-1.4743581E-4,3.0949313E-4,-2.9113406E-4,6.96339E-4,-2.2653562E-4,-2.6671094E-5)
(616, 0.0,0.0,0.0,0.0,0.0,0.0,0.0,0.0,0.0,0.0)
(621, -5.1068473,0.45914274,4.492324,-3.5196905,-0.6723257,2.1639054,4.7358456,3.9317417,1.4132249,3.8288817)
(626, 0.0,0.0,0.0,0.0,0.0,0.0,0.0,0.0,0.0,0.0)
(627, 0.0,0.0,0.0,0.0,0.0,0.0,0.0,0.0,0.0,0.0)
(635, 0.0,0.0,0.0,0.0,0.0,0.0,0.0,0.0,0.0,0.0)
(639, -1.3224281E-4,-8.686618E-5,-1.5737703E-4,-3.2268855E-4,-5.4149743E-4,-4.0129494E-4,-1.6551315E-4,-6.70169E-5,-2.572236E-4,-4.1227893E-4)
(653, -0.0044261254,0.016697355,0.011524175,-0.027454177,-0.07203848,-0.13845,-0.02928748,0.040558025,0.025300533,-0.03126031)
(656, 5.7050376E-5,-1.827853E-5,-1.550908E-4,2.1544298E-5,-3.2442136E-4,-3.970085E-4,-1.9535325E-4,1.914806E-4,-2.8703836E-4,-3.7486153E-4)
(657, -2.102593E-4,1.8898594E-4,6.346328E-4,-2.2945268E-4,3.526807E-4,-2.9994428E-4,-2.1686449E-4,4.3013543E-4,4.8180163E-4,1.8670948E-4)
(666, -1.780599E-4,2.3433378E-4,-4.690327E-5,1.06612446E-4,2.9613386E-5,1.4677066E-4,-6.184707E-5,8.483823E-5,-3.8522285E-5,1.922409E-4)
(667, -0.0014660695,0.004298544,-0.0041082283,8.0397126E-4,-0.008172975,-0.0066822004,-0.001147754,0.002820061,-0.005499469,-0.0020308925)
(669, 8.3922804E-4,-2.0390925E-4,5.287113E-4,5.7230693E-5,5.769234E-4,5.887572E-5,3.3551265E-4,9.652061E-5,6.944788E-4,5.212404E-4)
(673, 8.030711E-5,-7.1990595E-5,-2.2753111E-4,-2.293321E-5,-2.7361888E-4,-4.955859E-4,9.719238E-5,-1.1163044E-4,1.8788622E-4,-2.2732749E-4)
(682, 4.49488E-5,-2.5461635E-4,7.090092E-5,-5.048808E-4,-1.4741583E-4,-2.8019652E-4,-1.0860364E-4,-3.4277205E-4,-1.4418601E-4,-3.9520249E-4)
(684, 0.0,0.0,0.0,0.0,0.0,0.0,0.0,0.0,0.0,0.0)
(686, 3.3130523E-4,5.584575E-4,5.034207E-4,8.493793E-4,8.65085E-4,3.646434E-4,-1.8665013E-4,2.3286798E-4,-1.3338668E-4,9.135725E-4)
(687, 6.288747E-4,0.0013243926,0.0028324248,0.004892952,0.004507406,0.0024944947,-2.2303725E-4,0.0037125824,0.0032056756,0.0025711218)
(688, 0.0,0.0,0.0,0.0,0.0,0.0,0.0,0.0,0.0,0.0)
(695, -0.0028195588,-0.0038937347,0.007189658,-0.006198748,-0.0013287689,-0.0055351704,-0.0021149146,-0.0022170972,0.0064803,-0.0013498148)
(696, 5.7799072E-5,-3.7184454E-6,-9.881319E-6,4.8833725E-5,8.102124E-5,1.2956965E-5,7.640633E-5,-8.226532E-6,-4.9672974E-7,-4.9836526E-5)
(706, 7.677794E-4,-0.0021679897,0.0037605388,-0.0053690155,-0.0026665998,-0.008619537,-0.0018238258,-8.016726E-5,0.0070153573,-0.0019988436)
(711, 0.0,0.0,0.0,0.0,0.0,0.0,0.0,0.0,0.0,0.0)
(714, 7.0855767E-4,1.5311522E-4,1.4583618E-4,0.0010221495,7.304644E-4,2.5460197E-4,-1.8792636E-4,6.664873E-4,1.6717475E-4,1.9079357E-4)
(717, 4.365533E-5,1.0536557E-4,-1.1187614E-4,1.8032888E-4,-8.301071E-6,3.024917E-5,-8.648809E-5,1.5829894E-4,-6.5702206E-6,-1.6936401E-5)
(719, 9.19162E-6,-3.9354756E-5,2.0123767E-5,-1.9136419E-4,-1.1747657E-4,-6.740313E-4,-4.534841E-4,-2.203254E-5,-4.547272E-5,-4.0552285E-4)
(724, -3.7536572E-4,-1.2932281E-4,5.0315517E-4,-3.0342993E-4,1.961663E-4,8.861709E-4,7.700144E-4,1.8866633E-5,-5.489618E-4,8.6436965E-5)
(725, -0.00446759,-0.005462044,0.0057248017,-0.009451141,-0.0043302327,-0.002021016,0.0055128713,0.0014417284,1.5471043E-4,-0.0021468583)
(730, -0.0032948074,2.9511255E-4,-0.0019762372,-0.0034765268,-0.0049696555,0.0049217376,0.005263854,-0.0032051217,-0.016808761,-0.009866511)
(734, 0.0,0.0,0.0,0.0,0.0,0.0,0.0,0.0,0.0,0.0)
(737, 0.0,0.0,0.0,0.0,0.0,0.0,0.0,0.0,0.0,0.0)
(739, 0.0,0.0,0.0,0.0,0.0,0.0,0.0,0.0,0.0,0.0)
(741, -1.932218E-5,-1.675334E-5,2.85892E-5,-3.2007814E-5,-9.629225E-6,9.903561E-6,-4.5950756E-6,-1.1239635E-5,1.5296107E-5,-1.9291451E-6)
(745, 0.0,0.0,0.0,0.0,0.0,0.0,0.0,0.0,0.0,0.0)
(755, -0.019263845,-0.037454184,0.10860189,-0.12540917,-0.010966869,0.001767417,0.05937656,3.4416563E-4,-0.0123639,-0.014788488)
(760, 0.0,0.0,0.0,0.0,0.0,0.0,0.0,0.0,0.0,0.0)
(763, -2.8253222,27.795883,4.308892,-3.1527593,-1.8698118,33.52361,19.661736,15.075939,-8.019661,20.51757)
(765, 10.905966,14.428755,-5.8592477,18.937407,-1.92001,4.700077,0.9134555,9.884366,-0.49564543,1.7791779)
(766, -2.754569,-2.0485067,9.520782,-1.2472497,-0.7339708,1.7829777,-1.350439,2.4508526,13.157484,1.6960212)
(770, -0.38548672,0.40274233,0.13475583,-0.083901376,-0.8267669,-0.08277418,0.9813623,0.9022875,0.038313325,0.16786088)
(776, 53.46372,-36.767937,39.795162,-69.82223,-13.096728,-42.859608,13.4223385,-65.394844,0.68518,-47.492954)
(777, 14.989032,3.3705432,3.6126401,-0.09874158,0.06807997,-0.8971951,4.193796,-3.7483964,5.1645274,1.6634563)
(787, -1.4663728E-5,-5.0375453E-5,1.4096695E-4,1.7928214E-5,7.773192E-5,2.4031267E-5,-1.2618327E-5,4.4531367E-5,1.2672979E-4,2.9630315E-5)
(790, -0.008104588,0.004794172,-0.010540081,5.0390605E-4,-0.015236575,-5.837177E-4,0.0014578186,0.008777626,-0.008173361,-0.0053813257)
(791, -0.008227091,0.00572616,-0.013435488,0.001160845,-0.018090349,-1.3798103E-4,0.0022334156,0.0093776295,-0.010140913,-0.0063431994)
(792, -5.1539764E-4,2.2468607E-4,-5.64572E-4,-2.2487056E-5,-9.962413E-4,-3.361455E-4,-5.942853E-5,3.626738E-4,-5.8762793E-4,-4.6282198E-4)
(797, -1.0324414E-4,0.0010571467,-7.073836E-4,2.9764778E-4,-2.038476E-4,0.0015321637,-7.435107E-5,-1.8658998E-4,-3.6885747E-4,9.933477E-4)
(800, 5.7647126E-6,-3.4820541E-6,-7.3441574E-6,-5.0477356E-6,-1.9346003E-6,1.8849265E-5,-9.617333E-7,5.5989526E-6,-2.6316875E-6,-1.1576995E-5)
(813, -0.4223328,0.14933276,0.8312642,-0.18535393,-0.04207648,-0.13980746,0.21168534,0.72618365,0.24148346,0.63716185)
(820, 0.027260728,0.013527474,-0.016158113,0.0109654805,0.0075747645,-0.004675554,-0.008643282,-0.0010155081,0.0067451317,-0.0036067383)
(824, -0.00989191,0.0103921015,-0.0052855043,9.221565E-4,-0.0043757576,0.0030867457,-0.0025301622,-0.0012049907,-0.002775083,0.0056876955)
(827, 7.1286294E-4,0.0014397526,9.44806E-4,2.5626196E-4,0.0013428736,-0.0011341684,-0.003046922,-4.5181531E-4,0.0037514998,9.846195E-4)
(834, -0.021826683,0.08769762,-0.063994266,0.09423872,0.011498302,0.09946529,0.030403793,0.10161938,-0.03821619,0.03382712)
(835, -0.31985623,-0.5599502,1.0723399,-0.6317803,0.18856746,-0.46046078,0.050759055,0.17700668,0.59452045,0.011924793)
(838, 0.0036377797,0.016727896,-0.0065427246,0.018613253,0.009032665,0.009355172,-0.0018937793,0.006476437,0.0031087294,0.007017865)
(841, 8.0908794E-4,0.007995793,-0.006465998,0.0063587124,0.0041219112,0.0066704312,-0.002845081,0.0022455018,-0.0029967073,8.4127934E-4)
(842, 0.0018838154,0.05506397,-0.04050721,0.045122735,0.027060626,0.044705745,-0.019898059,0.0153075475,-0.008820893,0.01894826)
(857, 0.0,0.0,0.0,0.0,0.0,0.0,0.0,0.0,0.0,0.0)
(864, 0.0,0.0,0.0,0.0,0.0,0.0,0.0,0.0,0.0,0.0)
(865, 0.0,0.0,0.0,0.0,0.0,0.0,0.0,0.0,0.0,0.0)
(866, 0.0,0.0,0.0,0.0,0.0,0.0,0.0,0.0,0.0,0.0)
(873, 0.0,0.0,0.0,0.0,0.0,0.0,0.0,0.0,0.0,0.0)
(874, 0.0,0.0,0.0,0.0,0.0,0.0,0.0,0.0,0.0,0.0)
(875, 0.0,0.0,0.0,0.0,0.0,0.0,0.0,0.0,0.0,0.0)
(898, 0.0,0.0,0.0,0.0,0.0,0.0,0.0,0.0,0.0,0.0)
(902, 0.0,0.0,0.0,0.0,0.0,0.0,0.0,0.0,0.0,0.0)
(903, 0.0,0.0,0.0,0.0,0.0,0.0,0.0,0.0,0.0,0.0)
(907, 0.0,0.0,0.0,0.0,0.0,0.0,0.0,0.0,0.0,0.0)
(912, 0.0,0.0,0.0,0.0,0.0,0.0,0.0,0.0,0.0,0.0)
(917, 0.0,0.0,0.0,0.0,0.0,0.0,0.0,0.0,0.0,0.0)
(920, 0.0,0.0,0.0,0.0,0.0,0.0,0.0,0.0,0.0,0.0)
(921, 0.0,0.0,0.0,0.0,0.0,0.0,0.0,0.0,0.0,0.0)
(925, 0.0,0.0,0.0,0.0,0.0,0.0,0.0,0.0,0.0,0.0)
(927, 0.0,0.0,0.0,0.0,0.0,0.0,0.0,0.0,0.0,0.0)
(929, 0.0,0.0,0.0,0.0,0.0,0.0,0.0,0.0,0.0,0.0)
(930, 0.41308895,0.59620064,-0.10380133,0.9860287,0.8686466,0.8878974,0.6826357,0.6826029,0.37622738,0.6022844)
(937, 2.8172036E-4,0.002643729,0.0113909375,-0.0010851551,0.008703544,0.0010131208,-0.011610049,0.0016161718,0.011807875,-2.3604273E-4)
(941, 1.330621E-4,-5.9801394E-5,1.6008473E-4,-9.930111E-5,5.7172612E-5,-3.0768805E-4,-2.582784E-4,-1.2961958E-4,4.934785E-5,-7.6338285E-5)
(948, 7.526828E-4,3.7904078E-4,-6.324894E-4,2.2007429E-4,-5.8676742E-5,8.255168E-4,1.9723325E-4,-5.374787E-4,-5.3892954E-4,2.7364428E-4)
(950, -0.009004757,-0.0015231707,0.008425887,-0.0060112756,-0.0023641076,-0.005005102,0.0033028454,0.007337863,0.003731088,0.0022468513)
(953, -1.5136637E-4,5.269913E-4,8.5186635E-5,1.4680231E-4,3.1500065E-4,-2.3996086E-5,-4.8621985E-4,-1.2688672E-4,-3.7435428E-5,4.0753747E-4)
(954, 3.4953796E-4,-9.1182555E-5,5.5011234E-4,-3.504946E-5,1.877876E-4,1.2272615E-4,-1.3491524E-4,-5.0231855E-4,1.1607774E-4,-3.1841797E-4)
(955, 0.0021433728,0.0032985783,-0.002326214,0.0039478648,0.0010609126,0.0011250185,-0.0012383361,4.6966257E-4,0.0012876622,4.2076202E-4)
(956, 0.0,0.0,0.0,0.0,0.0,0.0,0.0,0.0,0.0,0.0)
(968, -3.9053228E-4,2.4757677E-4,-2.6222598E-4,-1.947636E-4,-3.550123E-4,-4.341134E-5,-1.0078004E-4,-1.09874694E-4,-2.0024792E-4,-2.3112048E-5)
(970, 0.0030772649,0.0021689392,0.0023565663,-5.860171E-4,0.0018089317,-0.004392839,0.0012359954,-0.001196304,0.0045035346,0.0020336672)
(977, -9.895614E-5,-2.8817727E-5,-2.2933031E-4,-1.5805857E-4,-4.894681E-4,-3.7010177E-4,-1.0327626E-4,3.748945E-5,-2.6538532E-4,-3.532705E-4)
(979, 0.0019458728,-8.423559E-4,0.0050710468,0.004261084,0.004160114,0.0023344848,-4.4499792E-4,0.0029143218,0.006326433,0.0029444448)
(981, -0.031983227,-0.0033869848,0.08353149,0.010431644,0.035166606,0.05112527,0.0018034783,0.051304005,0.087914854,0.035347033)
(987, 0.0016765961,0.0042149825,0.005506043,0.007689337,0.008331168,0.010410639,-0.0020842233,0.0067528198,0.007518451,0.006904079)
(989, -0.0011683174,7.3583855E-4,0.0016791901,-0.0017012118,2.2464793E-4,-0.002311444,-0.0013329213,-9.060728E-4,0.0032157705,-3.9018202E-4)
(996, 1.5284379E-5,2.8188908E-4,-3.838265E-5,3.8906172E-4,1.3405873E-4,-7.8229874E-5,-4.0343576E-4,3.9357253E-4,7.2175724E-5,8.645232E-6)
(1006, 0.0,0.0,0.0,0.0,0.0,0.0,0.0,0.0,0.0,0.0)
(1022, 0.0,0.0,0.0,0.0,0.0,0.0,0.0,0.0,0.0,0.0)
(1026, 0.0,0.0,0.0,0.0,0.0,0.0,0.0,0.0,0.0,0.0)
(1031, 0.0,0.0,0.0,0.0,0.0,0.0,0.0,0.0,0.0,0.0)
(1034, 0.0,0.0,0.0,0.0,0.0,0.0,0.0,0.0,0.0,0.0)
(1039, -3.797754E-4,-1.9750031E-4,-5.9457492E-5,-6.953861E-4,-6.631075E-4,-8.0110045E-4,-1.8784452E-4,-1.3245604E-4,-1.1790742E-4,-5.343152E-4)
