(2, 263.94382,755.0724,581.23926,113.72741,-248.42442,-79.93621,260.71094,-95.92987,70.095116,-302.78003)
(6, 265.71576,939.43396,58.790287,-393.52274,86.040924,143.80508,338.0383,208.79587,488.86688,-628.7266)
(11, 377.22406,768.1479,392.02213,-222.2639,-119.96167,54.682785,72.65474,154.69548,131.35901,-380.20935)
(12, 354.7517,741.7116,531.20044,-36.317463,-362.0563,207.53134,18.34197,55.512337,293.2318,-458.36896)
(13, 317.63113,836.074,345.03107,-365.1431,-26.302095,-57.606834,162.9517,11.601344,10.901455,-71.38915)
(18, 346.75787,987.30194,219.70699,-525.03723,94.15475,45.517406,97.77958,225.43095,250.69229,-473.77512)
(19, 237.46155,990.6562,368.61862,-335.19867,-229.75616,58.05717,165.64789,133.16818,199.88126,-153.69661)
(20, 351.65222,905.4641,198.99341,-532.1292,8.787739,-36.551975,150.20076,367.21964,171.77106,-371.27264)
(27, 385.86035,723.6782,328.28235,-294.72885,-248.54028,-74.43916,108.67591,391.28937,61.37946,-275.81665)
(30, 271.86252,714.9623,345.23077,111.13165,-177.13971,-187.62756,512.46704,-200.34749,215.87894,-217.98883)
(33, 348.27383,810.7423,226.3057,-400.20755,-3.5055814,93.751,111.61243,205.59367,193.81598,-358.29236)
(34, 389.6689,1003.8947,165.60922,-717.50635,226.47668,120.712776,90.55684,265.80997,229.72975,-638.59106)
(35, 331.782,660.2845,279.6448,-527.4277,37.18245,-124.489174,397.4234,385.88806,-3.961247,-1.9043916)
(36, 438.18137,864.3442,152.99574,-596.1235,-18.696917,185.65771,50.0328,299.49216,336.46558,-487.98114)
(42, 388.0669,773.88525,293.04016,-400.0711,-199.7926,186.59692,105.720314,157.20355,220.63806,-305.66504)
(44, 265.38278,752.3046,671.7996,47.097755,-515.96625,314.87225,-53.133144,-167.09004,494.11072,-574.3125)
(46, 272.8199,732.7166,718.9343,40.561153,-553.1012,327.2405,-94.97768,-191.13376,451.97336,-535.2967)
(48, 231.60057,705.9669,654.6263,133.2048,-538.00854,374.86496,-24.751286,-72.81123,470.36395,-612.6515)
