(1, 334.34375,732.3378,215.9161,-511.88263,-35.172337,19.675512,266.06403,336.38336,174.10995,-265.64786)
(7, 357.8315,878.3973,322.76917,-350.40295,37.300762,-108.1893,78.07441,173.50963,81.066986,-229.30724)
(9, 241.26216,797.6925,496.28738,-56.773746,-231.32791,138.92015,40.132977,180.48373,254.83994,-581.9304)
(15, 328.03525,550.50714,337.4707,-177.24536,-253.46805,-196.61026,156.16501,236.72545,-71.63676,112.09351)
(21, 317.06238,942.66943,32.106953,-590.85535,135.8345,119.838165,164.33485,498.96002,270.0122,-518.008)
(25, 205.28229,758.3293,817.30115,244.90198,-257.51846,93.87647,401.56036,-238.43176,-134.24672,-633.78595)
(29, 354.43057,636.87897,459.56155,-114.78874,-173.98346,-203.10626,204.18706,54.3986,-203.59387,143.67143)
(31, 364.83093,779.11,324.52875,-292.69992,-132.42502,169.09695,61.734695,143.79034,228.24223,-320.4971)
(38, 256.03223,894.8443,215.57864,-300.55612,33.494144,58.479942,424.01862,24.457664,253.07025,-530.0053)
(40, 278.61218,805.7287,470.9275,-158.03305,-225.66951,41.99064,89.17128,4.5115023,165.76799,-232.17155)
(50, 142.44588,593.45886,811.01526,462.93155,-757.9367,401.1565,17.142416,-228.4361,516.1783,-622.5293)
(52, 185.32181,610.40076,737.80994,306.9651,-643.75165,407.6518,-33.800896,-157.75662,466.12924,-595.1103)
(53, 239.95384,681.6972,701.9735,143.84773,-598.1517,392.99722,-55.897476,-153.57936,478.85587,-570.0807)
(54, 214.12852,570.4626,676.52277,245.81483,-625.9988,315.60306,6.2338934,-117.35519,413.95834,-500.92947)
(57, 0.0,0.0,0.0,0.0,0.0,0.0,0.0,0.0,0.0,0.0)
