(3, 311.83527,774.4727,336.8689,-146.40176,-179.40579,36.570568,167.9833,111.15226,313.84573,-416.3017)
(5, 418.57565,708.9748,414.9916,-211.17752,-206.295,-77.11171,117.09308,223.75842,-17.850668,-181.01834)
(8, 307.7469,915.1096,193.64845,-456.771,179.89648,-49.46574,158.85951,353.54288,121.18861,-421.42767)
(14, 407.95285,617.1135,298.35034,-281.95947,-268.32227,107.00345,89.38952,192.39493,152.0492,-171.67702)
(16, 325.7291,986.4446,46.175667,-583.3647,178.35208,164.41113,115.63456,425.5717,370.73434,-646.893)
(22, 271.26926,863.57697,157.19975,-496.71164,52.777794,11.733122,157.31552,338.93307,162.32832,-399.54834)
(23, 369.1428,683.5484,278.15225,-299.2571,-383.55777,-114.83186,235.52455,393.76434,24.949017,-66.0523)
(24, 460.33902,699.9705,286.3043,-393.82263,-165.32663,130.92021,100.73417,193.31027,156.46468,-244.84795)
(26, 199.94656,863.3536,521.66394,-53.76341,-309.89957,258.02505,67.551285,19.223955,376.8685,-575.48694)
(28, 294.15887,974.7296,145.2839,-574.90845,55.684624,14.8984165,175.64249,306.62585,181.78056,-313.55624)
(39, 308.87503,796.3849,361.39258,-258.4523,-214.33751,236.91049,57.12109,138.41727,350.01547,-509.7751)
(43, 226.51407,667.6303,834.32745,304.17728,-725.96265,460.0279,-85.6521,-262.74207,550.6598,-623.51105)
(47, 206.82692,625.23987,768.3622,319.67343,-724.9994,395.9035,-13.068009,-216.47556,538.92993,-588.1071)
(51, 217.74179,730.9342,741.7089,136.65536,-598.797,369.06155,-93.69309,-206.50177,526.2433,-593.9085)
(56, 266.64038,811.88995,257.38507,-138.38342,-123.789856,-112.14328,361.4603,62.137733,317.34088,-444.18738)
