(2, 61.591125,178.85779,145.91342,193.94984,96.77573,79.03411,146.49193,166.86383,160.74042,198.36635)
(6, 52.691116,161.90466,144.80228,187.11621,108.65163,68.541176,142.55327,151.64822,154.75134,187.82906)
(11, 62.349667,153.53094,134.34006,149.76292,86.23707,80.878914,146.44164,144.56602,138.41833,184.87881)
(12, 57.127354,157.21591,141.75621,198.83072,107.80641,67.6829,148.19594,153.56618,169.31361,207.70058)
(13, 50.08744,136.30444,117.62602,139.64613,87.63332,60.93532,128.61089,124.40806,123.66469,151.27412)
(18, 116.97068,205.9078,175.85222,192.09863,128.97507,138.8599,151.07466,164.12975,91.217026,169.59775)
(19, 79.680595,136.27353,100.828865,107.182236,60.775455,74.7157,135.77423,132.09804,116.0975,138.71858)
(20, 48.358265,129.59892,119.385345,154.51591,86.10185,57.82052,131.5793,130.8199,138.81853,168.75398)
(27, 76.42593,139.66043,129.19756,124.9817,71.88126,102.94684,145.975,141.6004,121.73154,173.19794)
(30, 65.84889,136.79596,136.37141,112.65597,69.416855,101.21472,147.13425,133.64125,114.90913,171.63513)
(33, 70.12276,172.96596,206.48138,155.93677,89.71971,131.82404,205.88162,160.61407,129.76984,257.89688)
(34, 106.97645,124.64241,122.975845,114.29602,78.81014,112.63895,153.10928,156.80716,110.59753,153.9331)
(35, 83.534485,129.08998,135.42816,121.419014,69.95745,113.81327,150.14032,141.40486,115.783676,170.79417)
(36, 0.0,0.0,0.0,0.0,0.0,0.0,0.0,0.0,0.0,0.0)
