(3, 163.5316,160.18382,92.25883,126.983696,86.97411,118.68539,161.28738,188.62436,96.064354,117.31929)
(5, 51.295258,146.91782,120.242744,183.77574,101.293846,56.31787,135.22214,143.46494,150.81549,184.73807)
(8, 64.66586,143.27194,130.41985,150.70917,72.39056,83.272675,136.88826,139.06404,146.76472,198.05002)
(14, 66.195114,139.9404,128.22838,111.76131,84.12029,86.07837,162.4657,146.78185,100.80849,155.2989)
(16, 45.84855,166.89488,161.59178,127.9658,176.24867,109.94527,179.46185,90.34787,94.58792,194.05411)
(22, 67.273796,121.93882,136.83879,107.43337,69.88247,97.60054,148.66841,129.8371,110.41434,167.68106)
(23, 131.0515,129.48196,150.28215,184.02551,108.37641,146.16272,179.498,192.95863,156.44753,202.96756)
(24, 70.76919,151.43683,168.90498,119.11452,83.31215,115.11778,181.14546,152.52415,117.97214,203.62901)
(26, 70.00022,127.86985,156.75157,145.75262,78.53383,114.61368,160.9802,138.6749,134.95668,203.61638)
(28, 136.63216,131.85135,137.87344,145.7732,96.99449,145.50673,179.0243,191.4701,133.8554,182.73953)
